#varID                   total                 dxdbVol                dxdbSurf                    dSdb                    dndb              dxdbDirect                    dVdb                distance                 options                    dvdb
   174   3.477146035392095e-05  -0.0006808982663152978                       0   0.0007156697266692188                       0                       0                       0                       0                       0                       0 
   175   -0.005124674773559385   -0.003485377176711617                       0   -0.001639297596847768                       0                       0                       0                       0                       0                       0 
   177   0.0002024295966122825  -0.0002546289118602398                       0   0.0004570585084725223                       0                       0                       0                       0                       0                       0 
   178   -0.005342239466243607   -0.004516305280484247                       0  -0.0008259341857593592                       0                       0                       0                       0                       0                       0 
   180   0.0002893808165822264  -9.188603502099245e-05                       0   0.0003812668516032189                       0                       0                       0                       0                       0                       0 
   181   -0.003737668418369746    -0.00374406237338978                       0   6.393955020034534e-06                       0                       0                       0                       0                       0                       0 
   183   0.0001722500095799474   2.986903181081318e-05                       0   0.0001423809777691342                       0                       0                       0                       0                       0                       0 
   184   -0.001738475710740154   -0.001907270128309777                       0   0.0001687944175696226                       0                       0                       0                       0                       0                       0 
   198   -1.70211730701462e-05  -0.0008382941880674316                       0   0.0008212730149972854                       0                       0                       0                       0                       0                       0 
   199   -0.004764120349426366   -0.002626018639834617                       0    -0.00213810170959175                       0                       0                       0                       0                       0                       0 
   201   0.0002208391665381807  -0.0002690241947727365                       0   0.0004898633613109173                       0                       0                       0                       0                       0                       0 
   202    -0.00484225361337895   -0.003862325924765744                       0  -0.0009799276886132068                       0                       0                       0                       0                       0                       0 
   204   0.0004755654122078563  -6.591091017906478e-05                       0   0.0005414763223869211                       0                       0                       0                       0                       0                       0 
   205   -0.004932150087970546   -0.004889196978070931                       0  -4.295310989961494e-05                       0                       0                       0                       0                       0                       0 
   207   0.0005084242997489963   0.0001655201348776113                       0    0.000342904164871385                       0                       0                       0                       0                       0                       0 
   208   -0.003998707613767592   -0.004199462601684458                       0   0.0002007549879168665                       0                       0                       0                       0                       0                       0 
   222  -4.960006656004373e-05  -0.0006795651299184801                       0   0.0006299650633584364                       0                       0                       0                       0                       0                       0 
   223    0.001181046988400187    0.003102605222261995                       0   -0.001921558233861808                       0                       0                       0                       0                       0                       0 
   225   6.366585760055315e-05  -0.0001929372445109988                       0   0.0002566031021115519                       0                       0                       0                       0                       0                       0 
   226    0.001792605160224322    0.003622468217062955                       0   -0.001829863056838634                       0                       0                       0                       0                       0                       0 
   228   0.0002390870527095966   7.436830705924411e-05                       0   0.0001647187456503525                       0                       0                       0                       0                       0                       0 
   229    0.002017518468383218    0.003503126319069117                       0   -0.001485607850685899                       0                       0                       0                       0                       0                       0 
   231   0.0004179161865644946   0.0002770307793833936                       0    0.000140885407181101                       0                       0                       0                       0                       0                       0 
   232    0.001898386176644949    0.003151864984082601                       0   -0.001253478807437651                       0                       0                       0                       0                       0                       0 
   246    -5.8882631078487e-05  -0.0005533388215782921                       0   0.0004944561904998051                       0                       0                       0                       0                       0                       0 
   247    0.002211217550231364     0.00401149698760432                       0   -0.001800279437372956                       0                       0                       0                       0                       0                       0 
   249   2.728463470807573e-05  -0.0001910143330908788                       0   0.0002182989677989545                       0                       0                       0                       0                       0                       0 
   250     0.00326039036680571    0.005431760924687835                       0   -0.002171370557882125                       0                       0                       0                       0                       0                       0 
   252   0.0001424717049843373   7.859676196670537e-05                       0   6.387494301763188e-05                       0                       0                       0                       0                       0                       0 
   253    0.003704689926549778    0.005518064048242023                       0   -0.001813374121692245                       0                       0                       0                       0                       0                       0 
   255   0.0001864655625954622   0.0001650994834728371                       0   2.136607912262506e-05                       0                       0                       0                       0                       0                       0 
   256    0.003078898395667958    0.004308657478829267                       0   -0.001229759083161309                       0                       0                       0                       0                       0                       0 
