#varID                   total                 dxdbVol                dxdbSurf                    dSdb                    dndb              dxdbDirect                    dVdb                distance                 options                    dvdb
   174    0.000374304285487698  -0.0007188643634202305                       0    0.001093168648907929                       0                       0                       0                       0                       0                       0 
   175   -0.003960104804393059   -0.005510434144371751                       0    0.001550329339978692                       0                       0                       0                       0                       0                       0 
   177   0.0001646124673258227   0.0001650974448036478                       0  -4.849774778250632e-07                       0                       0                       0                       0                       0                       0 
   178   -0.003636771986694081   -0.004056341173912292                       0   0.0004195691872182116                       0                       0                       0                       0                       0                       0 
   180   0.0001033223447384631   0.0001056552820715918                       0  -2.332937333128695e-06                       0                       0                       0                       0                       0                       0 
   181   -0.002905789146850721   -0.002668296358289123                       0  -0.0002374927885615976                       0                       0                       0                       0                       0                       0 
   183   3.181662322804675e-05   0.0001499950345740402                       0  -0.0001181784113459934                       0                       0                       0                       0                       0                       0 
   184   -0.001655589698648244   -0.001364002723714588                       0   -0.000291586974933656                       0                       0                       0                       0                       0                       0 
   198   0.0003187233614216718  -0.0009782444444015053                       0    0.001296967805823177                       0                       0                       0                       0                       0                       0 
   199   -0.003898229713607264    -0.00468416446215715                       0   0.0007859347485498862                       0                       0                       0                       0                       0                       0 
   201   0.0001715085632799174   0.0001288857890545277                       0   4.262277422538974e-05                       0                       0                       0                       0                       0                       0 
   202   -0.003360610091603923   -0.003410315623131659                       0    4.97055315277356e-05                       0                       0                       0                       0                       0                       0 
   204   0.0001756678241863114   0.0002555188345281142                       0  -7.985101034180282e-05                       0                       0                       0                       0                       0                       0 
   205     -0.0040594844024759   -0.003442873057882141                       0  -0.0006166113445937593                       0                       0                       0                       0                       0                       0 
   207   9.450270196023955e-05   0.0005030618827052305                       0  -0.0004085591807449909                       0                       0                       0                       0                       0                       0 
   208   -0.004396354672761836   -0.002966154021559777                       0   -0.001430200651202058                       0                       0                       0                       0                       0                       0 
   222    5.39800962150288e-05  -0.0006873946518140201                       0   0.0007413747480290489                       0                       0                       0                       0                       0                       0 
   223    0.000838546034543879    0.003175206291530746                       0   -0.002336660256986868                       0                       0                       0                       0                       0                       0 
   225   6.533698217546766e-05   5.653581167357614e-06                       0   5.968340100811005e-05                       0                       0                       0                       0                       0                       0 
   226   0.0009050376913090838    0.003088933343151727                       0   -0.002183895651842643                       0                       0                       0                       0                       0                       0 
   228   8.346028021698207e-05   0.0002146194429010761                       0  -0.0001311591626840941                       0                       0                       0                       0                       0                       0 
   229   0.0008789934077573494    0.002615157383964996                       0   -0.001736163976207647                       0                       0                       0                       0                       0                       0 
   231    0.000123200295731074   0.0003814519784829844                       0  -0.0002582516827519104                       0                       0                       0                       0                       0                       0 
   232    0.001033516598181516    0.002769764241963573                       0   -0.001736247643782058                       0                       0                       0                       0                       0                       0 
   246  -1.175955097098083e-05  -0.0005062795029750828                       0    0.000494519952004102                       0                       0                       0                       0                       0                       0 
   247    0.001628232144884904    0.004398748654727985                       0   -0.002770516509843081                       0                       0                       0                       0                       0                       0 
   249   3.523626227029459e-05  -9.180825424555451e-06                       0   4.441708769485004e-05                       0                       0                       0                       0                       0                       0 
   250     0.00184982535512343    0.004642181764523329                       0   -0.002792356409399899                       0                       0                       0                       0                       0                       0 
   252   6.043939086712822e-05   0.0001680577933170833                       0   -0.000107618402449955                       0                       0                       0                       0                       0                       0 
   253     0.00214331164027395    0.004068401509117865                       0   -0.001925089868843915                       0                       0                       0                       0                       0                       0 
   255   5.674634766404334e-05   0.0001755195962440216                       0  -0.0001187732485799783                       0                       0                       0                       0                       0                       0 
   256    0.002374517646453677    0.003438731107097039                       0   -0.001064213460643363                       0                       0                       0                       0                       0                       0 
