#varID                   total                 dxdbVol                dxdbSurf                    dSdb                    dndb              dxdbDirect                    dVdb                distance                 options                    dvdb
   174   0.0003266057106285281  -0.0007239255493250786                       0    0.001050531259953607                       0                       0                       0                       0                       0                       0 
   175    -0.00414851568959989   -0.005239434899575394                       0    0.001090919209975504                       0                       0                       0                       0                       0                       0 
   177   0.0001711973824199501   0.0001120212227379419                       0   5.917615968200824e-05                       0                       0                       0                       0                       0                       0 
   178   -0.003900289589631826    -0.00413521805872717                       0   0.0002349284690953444                       0                       0                       0                       0                       0                       0 
   180    0.000126760526553689   8.456360298355773e-05                       0   4.219692357013124e-05                       0                       0                       0                       0                       0                       0 
   181   -0.003063515846674435   -0.002812895558144605                       0  -0.0002506202885298292                       0                       0                       0                       0                       0                       0 
   183   5.645922455854981e-05   0.0001289244765073666                       0  -7.246525194881684e-05                       0                       0                       0                       0                       0                       0 
   184   -0.001699168339031797   -0.001458893370151209                       0  -0.0002402749688805882                       0                       0                       0                       0                       0                       0 
   198   0.0002697120437360605  -0.0009668332069268773                       0    0.001236545250662938                       0                       0                       0                       0                       0                       0 
   199   -0.004037650616797663   -0.004393213304982896                       0   0.0003555626881852328                       0                       0                       0                       0                       0                       0 
   201   0.0001792063309343341   7.917020124686444e-05                       0   0.0001000361296874697                       0                       0                       0                       0                       0                       0 
   202     -0.0035950944214183   -0.003484188709949725                       0  -0.0001109057114685748                       0                       0                       0                       0                       0                       0 
   204   0.0002164429620395611   0.0002155532643338901                       0   8.896977056709998e-07                       0                       0                       0                       0                       0                       0 
   205    -0.00425739782808745   -0.003651049194350601                       0   -0.000606348633736849                       0                       0                       0                       0                       0                       0 
   207   0.0001762535763348523   0.0004382841612365105                       0  -0.0002620305849016582                       0                       0                       0                       0                       0                       0 
   208   -0.004407241310573589    -0.00321710873556703                       0   -0.001190132575006559                       0                       0                       0                       0                       0                       0 
   222   4.004624722280816e-05  -0.0006886976418998821                       0   0.0007287438891226903                       0                       0                       0                       0                       0                       0 
   223   0.0009012094940241211    0.003172182891827021                       0     -0.0022709733978029                       0                       0                       0                       0                       0                       0 
   225   6.738237445221885e-05  -2.174391935193171e-05                       0   8.912629380415056e-05                       0                       0                       0                       0                       0                       0 
   226    0.001017583870400539    0.003161439392733684                       0   -0.002143855522333144                       0                       0                       0                       0                       0                       0 
   228   0.0001042732204832264   0.0001945137406236944                       0  -9.024052014046799e-05                       0                       0                       0                       0                       0                       0 
   229    0.001005960888887921    0.002721275343493004                       0   -0.001715314454605082                       0                       0                       0                       0                       0                       0 
   231   0.0001756087929612608   0.0003571831850764264                       0  -0.0001815743921151656                       0                       0                       0                       0                       0                       0 
   232    0.001144714239462981    0.002792632407590118                       0   -0.001647918168127137                       0                       0                       0                       0                       0                       0 
   246  -1.637851823257648e-05  -0.0005149397460599496                       0   0.0004985612278273731                       0                       0                       0                       0                       0                       0 
   247    0.001724841599400399    0.004348214427695314                       0   -0.002623372828294915                       0                       0                       0                       0                       0                       0 
   249   3.706595354187004e-05  -3.535562418424981e-05                       0   7.242157772611985e-05                       0                       0                       0                       0                       0                       0 
   250    0.002031118926217831    0.004745502000968244                       0   -0.002714383074750413                       0                       0                       0                       0                       0                       0 
   252   7.017326371154764e-05   0.0001556146147270808                       0  -8.544135101553311e-05                       0                       0                       0                       0                       0                       0 
   253    0.002338850293289207    0.004249326775425382                       0   -0.001910476482136175                       0                       0                       0                       0                       0                       0 
   255   7.363280950555054e-05   0.0001709278573803552                       0  -9.729504787480468e-05                       0                       0                       0                       0                       0                       0 
   256    0.002475418652282915    0.003560152206812657                       0   -0.001084733554529742                       0                       0                       0                       0                       0                       0 
