#varID                   total                 dxdbVol                dxdbSurf                    dSdb                    dndb              dxdbDirect                    dVdb                distance                 options                    dvdb
   174  -1.619092878182577e-05  -0.0006627404502617598                       0   0.0006465495214799341                       0                       0                       0                       0                       0                       0 
   175   -0.005284412200489917   -0.003167832933839295                       0   -0.002116579266650622                       0                       0                       0                       0                       0                       0 
   177   0.0002089240921873892  -0.0003258976706194077                       0   0.0005348217628067969                       0                       0                       0                       0                       0                       0 
   178   -0.005584084216713234   -0.004582659261217482                       0   -0.001001424955495751                       0                       0                       0                       0                       0                       0 
   180   0.0003199026925279925  -0.0001289192313898564                       0   0.0004488219239178489                       0                       0                       0                       0                       0                       0 
   181    -0.00381438256509799    -0.00391547595023358                       0   0.0001010933851355897                       0                       0                       0                       0                       0                       0 
   183   0.0001861476986766364   1.637784862115053e-05                       0   0.0001697698500554859                       0                       0                       0                       0                       0                       0 
   184   -0.001716083545024166   -0.001963837345985194                       0   0.0002477538009610288                       0                       0                       0                       0                       0                       0 
   198  -6.604840409288413e-05  -0.0008075335836051287                       0   0.0007414851795122445                       0                       0                       0                       0                       0                       0 
   199   -0.004885752275373178   -0.002319485865811119                       0   -0.002566266409562059                       0                       0                       0                       0                       0                       0 
   201   0.0002292472240604063  -0.0003375617431495236                       0   0.0005668089672099299                       0                       0                       0                       0                       0                       0 
   202   -0.005044301140123835   -0.003930887813850445                       0    -0.00111341332627339                       0                       0                       0                       0                       0                       0 
   204   0.0005205066075412355  -0.0001189953107009747                       0   0.0006395019182422102                       0                       0                       0                       0                       0                       0 
   205   -0.004972520158189332   -0.005096376578436942                       0   0.0001238564202476105                       0                       0                       0                       0                       0                       0 
   207   0.0005431006858526379   0.0001324098401290469                       0   0.0004106908457235911                       0                       0                       0                       0                       0                       0 
   208   -0.003869987934901339   -0.004291791866657385                       0   0.0004218039317560466                       0                       0                       0                       0                       0                       0 
   222  -6.633886424478488e-05  -0.0006748552075808514                       0   0.0006085163433360665                       0                       0                       0                       0                       0                       0 
   223    0.001210394392878734    0.003074271232455889                       0   -0.001863876839577156                       0                       0                       0                       0                       0                       0 
   225    5.97561805998433e-05  -0.0002254022565205718                       0   0.0002851584371204151                       0                       0                       0                       0                       0                       0 
   226    0.001952458887725282     0.00370818269111313                       0   -0.001755723803387849                       0                       0                       0                       0                       0                       0 
   228   0.0002647334725973228   5.301491876548657e-05                       0   0.0002117185538318362                       0                       0                       0                       0                       0                       0 
   229    0.002249311663685808    0.003678885085621919                       0   -0.001429573421936111                       0                       0                       0                       0                       0                       0 
   231   0.0004521619886702814   0.0002710279891611532                       0   0.0001811339995091282                       0                       0                       0                       0                       0                       0 
   232    0.002040820201980687    0.003249501112509316                       0   -0.001208680910528629                       0                       0                       0                       0                       0                       0 
   246  -6.889233861188818e-05  -0.0005575836083255769                       0   0.0004886912697136887                       0                       0                       0                       0                       0                       0 
   247    0.002277645453503937    0.003937702618723377                       0    -0.00166005716521944                       0                       0                       0                       0                       0                       0 
   249   2.092889945019282e-05  -0.0002200930419059196                       0   0.0002410219413561124                       0                       0                       0                       0                       0                       0 
   250    0.003509980214349753     0.00556528715440728                       0   -0.002055306940057527                       0                       0                       0                       0                       0                       0 
   252   0.0001587423117444158   6.380928840377136e-05                       0   9.493302334064442e-05                       0                       0                       0                       0                       0                       0 
   253    0.003994589300351476    0.005785537536519831                       0   -0.001790948236168355                       0                       0                       0                       0                       0                       0 
   255    0.000209477229983678     0.00016735531838765                       0   4.212191159602803e-05                       0                       0                       0                       0                       0                       0 
   256     0.00318811146255256    0.004448185154290862                       0   -0.001260073691738301                       0                       0                       0                       0                       0                       0 
