#varID                   total                 dxdbVol                dxdbSurf                    dSdb                    dndb              dxdbDirect                    dVdb                distance                 options                    dvdb
   174    0.000166275019610117  -0.0007142000767953354                       0   0.0008804750964054524                       0                       0                       0                       0                       0                       0 
   175   -0.004706008783186739   -0.004291682128705612                       0  -0.0004143266544811268                       0                       0                       0                       0                       0                       0 
   177   0.0001882648246170777  -8.080943264220093e-05                       0   0.0002690742572592786                       0                       0                       0                       0                       0                       0 
   178    -0.00471217239512563    -0.00435272956676549                       0  -0.0003594428283601397                       0                       0                       0                       0                       0                       0 
   180   0.0002127037947073077   -3.96940416694417e-06                       0   0.0002166731988742519                       0                       0                       0                       0                       0                       0 
   181   -0.003486644683945099   -0.003313290961790886                       0   -0.000173353722154214                       0                       0                       0                       0                       0                       0 
   183   0.0001275308843507515   6.925549300446287e-05                       0    5.82753913462886e-05                       0                       0                       0                       0                       0                       0 
   184   -0.001760529929678285   -0.001731759719100745                       0  -2.877021057754011e-05                       0                       0                       0                       0                       0                       0 
   198   0.0001104086979029201  -0.0009071623988793839                       0    0.001017571096782304                       0                       0                       0                       0                       0                       0 
   199   -0.004450085657709539   -0.003419962259230388                       0    -0.00103012339847915                       0                       0                       0                       0                       0                       0 
   201   0.0002015815691690511  -0.0001029426595240532                       0   0.0003045242286931043                       0                       0                       0                       0                       0                       0 
   202   -0.004305396058221783   -0.003695556737632693                       0  -0.0006098393205890896                       0                       0                       0                       0                       0                       0 
   204   0.0003579632814405879   6.679629925315264e-05                       0   0.0002911669821874353                       0                       0                       0                       0                       0                       0 
   205   -0.004727002005836615   -0.004339150854084774                       0  -0.0003878511517518406                       0                       0                       0                       0                       0                       0 
   207   0.0003893360404744426   0.0002679053859450881                       0   0.0001214306545293545                       0                       0                       0                       0                       0                       0 
   208   -0.004263033965596368   -0.003859428097814394                       0  -0.0004036058677819736                       0                       0                       0                       0                       0                       0 
   222  -7.977643954971535e-06  -0.0006872325063012313                       0   0.0006792548623462597                       0                       0                       0                       0                       0                       0 
   223    0.001076511567760006    0.003149532117525528                       0   -0.002073020549765523                       0                       0                       0                       0                       0                       0 
   225   6.887840685125242e-05  -0.0001136166143699344                       0   0.0001824950212211868                       0                       0                       0                       0                       0                       0 
   226    0.001418554218833694    0.003409241241606062                       0   -0.001990687022772369                       0                       0                       0                       0                       0                       0 
   228    0.000176220665872345   0.0001285398564983167                       0   4.768080937402827e-05                       0                       0                       0                       0                       0                       0 
   229    0.001503127811528746    0.003112212681347318                       0   -0.001609084869818572                       0                       0                       0                       0                       0                       0 
   231   0.0003207722981594907   0.0003019525628588467                       0   1.881973530064406e-05                       0                       0                       0                       0                       0                       0 
   232    0.001544221020992644    0.002946094238524332                       0   -0.001401873217531688                       0                       0                       0                       0                       0                       0 
   246  -3.666984370460729e-05  -0.0005388747231238452                       0   0.0005022048794192379                       0                       0                       0                       0                       0                       0 
   247     0.00201267263083764    0.004175952000750454                       0   -0.002163279369912813                       0                       0                       0                       0                       0                       0 
   249    3.65704536197867e-05  -0.0001198668746137317                       0   0.0001564373282335184                       0                       0                       0                       0                       0                       0 
   250    0.002671096705188038    0.005107673118423156                       0   -0.002436576413235118                       0                       0                       0                       0                       0                       0 
   252   0.0001063165409072578   0.0001143635168145801                       0  -8.046975907322283e-06                       0                       0                       0                       0                       0                       0 
   253    0.003038730395034312    0.004900392038517581                       0   -0.001861661643483269                       0                       0                       0                       0                       0                       0 
   255   0.0001324388148591192   0.0001636701713346539                       0  -3.123135647553468e-05                       0                       0                       0                       0                       0                       0 
   256    0.002804576415011345    0.003963891040931412                       0   -0.001159314625920066                       0                       0                       0                       0                       0                       0 
