#varID                   total                 dxdbVol                dxdbSurf                    dSdb                    dndb              dxdbDirect                    dVdb                distance                 options                    dvdb
   174  -7.108862071560171e-05  -0.0006401652126925935                       0   0.0005690765919769918                       0                       0                       0                       0                       0                       0 
   175   -0.005457055567174049   -0.002823182574271928                       0   -0.002633872992902121                       0                       0                       0                       0                       0                       0 
   177    0.000216845649583016   -0.000405260660905131                       0    0.000622106310488147                       0                       0                       0                       0                       0                       0 
   178   -0.005844994064343139   -0.004658357309522663                       0   -0.001186636754820477                       0                       0                       0                       0                       0                       0 
   180   0.0003529179875500502  -0.0001704695696714386                       0   0.0005233875572214887                       0                       0                       0                       0                       0                       0 
   181   -0.003884646820649869   -0.004102457234011843                       0   0.0002178104133619742                       0                       0                       0                       0                       0                       0 
   183   0.0001989098590014348    2.76922474566064e-06                       0   0.0001961406342557741                       0                       0                       0                       0                       0                       0 
   184   -0.001684376803419821    -0.00201757945269513                       0   0.0003332026492753095                       0                       0                       0                       0                       0                       0 
   198  -0.0001187669788018074   -0.000772082292697153                       0   0.0006533153138953456                       0                       0                       0                       0                       0                       0 
   199    -0.00501856452063432   -0.001990084469273469                       0   -0.003028480051360851                       0                       0                       0                       0                       0                       0 
   201   0.0002390960746835321  -0.0004141272065659215                       0   0.0006532232812494536                       0                       0                       0                       0                       0                       0 
   202   -0.005259327226239559   -0.004008966202106156                       0   -0.001250361024133404                       0                       0                       0                       0                       0                       0 
   204     0.00056806272821797  -0.0001769500344132318                       0   0.0007450127626312019                       0                       0                       0                       0                       0                       0 
   205   -0.004992181186952118   -0.005314207518007361                       0   0.0003220263310552437                       0                       0                       0                       0                       0                       0 
   207   0.0005738384378489085   0.0001000991006625328                       0   0.0004737393371863757                       0                       0                       0                       0                       0                       0 
   208   -0.003717561844545885    -0.00436818177852768                       0   0.0006506199339817952                       0                       0                       0                       0                       0                       0 
   222  -8.472897354709955e-05  -0.0006685312403582507                       0   0.0005838022668111511                       0                       0                       0                       0                       0                       0 
   223    0.001233673172490561    0.003035791533064098                       0   -0.001802118360573537                       0                       0                       0                       0                       0                       0 
   225   5.412225725674735e-05  -0.0002617703248081655                       0   0.0003158925820649128                       0                       0                       0                       0                       0                       0 
   226    0.002135736654963421    0.003802606999327494                       0   -0.001666870344364073                       0                       0                       0                       0                       0                       0 
   228   0.0002933458623274073    2.96334802035835e-05                       0   0.0002637123821238238                       0                       0                       0                       0                       0                       0 
   229    0.002522711046768606    0.003886862677355608                       0   -0.001364151630587002                       0                       0                       0                       0                       0                       0 
   231   0.0004874623997731488   0.0002665038333990534                       0   0.0002209585663740954                       0                       0                       0                       0                       0                       0 
   232    0.002196765814525064    0.003365226375593967                       0   -0.001168460561068904                       0                       0                       0                       0                       0                       0 
   246  -8.056975494931672e-05  -0.0005611689432203535                       0   0.0004805991882710368                       0                       0                       0                       0                       0                       0 
   247    0.002341168650817859    0.003849764614851268                       0   -0.001508595964033409                       0                       0                       0                       0                       0                       0 
   249   1.196102785990178e-05  -0.0002528153193850582                       0     0.00026477634724496                       0                       0                       0                       0                       0                       0 
   250    0.003794341636379863    0.005714296720489481                       0   -0.001919955084109618                       0                       0                       0                       0                       0                       0 
   252    0.000178048465608455   4.712793723665905e-05                       0   0.0001309205283717959                       0                       0                       0                       0                       0                       0 
   253    0.004331151764140867    0.006094834561402256                       0   -0.001763682797261389                       0                       0                       0                       0                       0                       0 
   255   0.0002358474011075408   0.0001709095663499572                       0   6.493783475758355e-05                       0                       0                       0                       0                       0                       0 
   256    0.003307807250768082     0.00460281253396784                       0   -0.001295005283199758                       0                       0                       0                       0                       0                       0 
