#varID                   total                 dxdbVol                dxdbSurf                    dSdb                    dndb              dxdbDirect                    dVdb                distance                 options                    dvdb
   174   0.0002382712900006768  -0.0007232161138481127                       0   0.0009614874038487895                       0                       0                       0                       0                       0                       0 
   175   -0.004465752737650644   -0.004723124558067962                       0   0.0002573718204173182                       0                       0                       0                       0                       0                       0 
   177   0.0001810665516190145   8.404814200956676e-06                       0   0.0001726617374180578                       0                       0                       0                       0                       0                       0 
   178   -0.004357135479512836   -0.004260747052654482                       0  -9.638842685835339e-05                       0                       0                       0                       0                       0                       0 
   180    0.000172849135633845   3.872348406154866e-05                       0   0.0001341256515722964                       0                       0                       0                       0                       0                       0 
   181   -0.003314362071312396   -0.003085293114116145                       0  -0.0002290689571962512                       0                       0                       0                       0                       0                       0 
   183   9.782275070186365e-05   9.419672984349134e-05                       0   3.626020858372311e-06                       0                       0                       0                       0                       0                       0 
   184   -0.001746956645825152   -0.001617490936999569                       0  -0.0001294657088255822                       0                       0                       0                       0                       0                       0 
   198   0.0001811777483896778  -0.0009376442907769543                       0    0.001118822039166632                       0                       0                       0                       0                       0                       0 
   199   -0.004271995376191425   -0.003856272394882033                       0  -0.0004157229813093924                       0                       0                       0                       0                       0                       0 
   201    0.000191774967721207   -1.83913583342467e-05                       0   0.0002101663260554537                       0                       0                       0                       0                       0                       0 
   202   -0.003997128255529695   -0.003604593628166503                       0  -0.0003925346273631917                       0                       0                       0                       0                       0                       0 
   204   0.0002937744766253833   0.0001358548965720867                       0   0.0001579195800532966                       0                       0                       0                       0                       0                       0 
   205   -0.004549006951094781   -0.004031957938691379                       0  -0.0005170490124034022                       0                       0                       0                       0                       0                       0 
   207   0.0003040116008662328   0.0003368929882788011                       0  -3.288138741256824e-05                       0                       0                       0                       0                       0                       0 
   208   -0.004356855429416545   -0.003605244830095996                       0  -0.0007516105993205496                       0                       0                       0                       0                       0                       0 
   222    1.38983012053606e-05  -0.0006889470883269947                       0   0.0007028453895323553                       0                       0                       0                       0                       0                       0 
   223     0.00100406092285884    0.003163101181446511                       0    -0.00215904025858767                       0                       0                       0                       0                       0                       0 
   225   6.920249019768634e-05  -7.205370453868035e-05                       0   0.0001412561947363667                       0                       0                       0                       0                       0                       0 
   226    0.001232694130710941    0.003296694494131407                       0   -0.002064000363420466                       0                       0                       0                       0                       0                       0 
   228    0.000143410829427608   0.0001580192560589649                       0  -1.460842663135687e-05                       0                       0                       0                       0                       0                       0 
   229    0.001264702762393138    0.002927912737684407                       0    -0.00166320997529127                       0                       0                       0                       0                       0                       0 
   231   0.0002602660007165311   0.0003226412904189257                       0   -6.23752897023946e-05                       0                       0                       0                       0                       0                       0 
   232    0.001360040779594608    0.002863268202510479                       0   -0.001503227422915871                       0                       0                       0                       0                       0                       0 
   246  -2.665160173211903e-05  -0.0005290027417431656                       0   0.0005023511400110465                       0                       0                       0                       0                       0                       0 
   247    0.001889635695924364    0.004255320066303149                       0   -0.002365684370378785                       0                       0                       0                       0                       0                       0 
   249   3.809434957248458e-05  -8.209589767990482e-05                       0   0.0001201902472523894                       0                       0                       0                       0                       0                       0 
   250    0.002375561489135938     0.00494134016979456                       0   -0.002565778680658622                       0                       0                       0                       0                       0                       0 
   252   8.925890049728689e-05   0.0001329912560229862                       0  -4.373235552569934e-05                       0                       0                       0                       0                       0                       0 
   253    0.002713137110965555     0.00459734799044553                       0   -0.001884210879479975                       0                       0                       0                       0                       0                       0 
   255    0.000105368270835458   0.0001655891612655079                       0  -6.022089043004988e-05                       0                       0                       0                       0                       0                       0 
   256    0.002657216787188083    0.003781788955823556                       0   -0.001124572168635472                       0                       0                       0                       0                       0                       0 
