#varID                   total                 dxdbVol                dxdbSurf                    dSdb                    dndb              dxdbDirect                    dVdb                distance                 options                    dvdb
   174   0.0002995525111090992  -0.0007250221855381491                       0    0.001024574696647248                       0                       0                       0                       0                       0                       0 
   175   -0.004249229309320332   -0.005083086729450611                       0   0.0008338574201302789                       0                       0                       0                       0                       0                       0 
   177   0.0001744539331190239   8.099483333391094e-05                       0   9.345909978511294e-05                       0                       0                       0                       0                       0                       0 
   178   -0.004043642531208601   -0.004175891249175606                       0   0.0001322487179670038                       0                       0                       0                       0                       0                       0 
   180   0.0001405160585803669   7.138506840859163e-05                       0   6.913099017177529e-05                       0                       0                       0                       0                       0                       0 
   181   -0.003145503960013109   -0.002895556680081891                       0  -0.0002499472799312184                       0                       0                       0                       0                       0                       0 
   183   6.970419055364464e-05   0.0001177443741634054                       0  -4.804018360976072e-05                       0                       0                       0                       0                       0                       0 
   184   -0.001717936463423766   -0.001509718527728704                       0  -0.0002082179356950622                       0                       0                       0                       0                       0                       0 
   198   0.0002423397342258883  -0.0009589410808421876                       0    0.001201280815068076                       0                       0                       0                       0                       0                       0 
   199     -0.0041120480874921   -0.004228552989226361                       0   0.0001165049017342602                       0                       0                       0                       0                       0                       0 
   201    0.000183212410552671   5.002878494209668e-05                       0   0.0001331836256105744                       0                       0                       0                       0                       0                       0 
   202   -0.003721873729877122   -0.003522773774469911                       0  -0.0001990999554072111                       0                       0                       0                       0                       0                       0 
   204   0.0002399012571465021    0.000191844571393613                       0   4.805668575288917e-05                       0                       0                       0                       0                       0                       0 
   205   -0.004356180306837532   -0.003768208233754951                       0  -0.0005879720730825811                       0                       0                       0                       0                       0                       0 
   207   0.0002183773819876821   0.0004049442516250423                       0  -0.0001865668696373602                       0                       0                       0                       0                       0                       0 
   208   -0.004400567566260751   -0.003345774844824156                       0   -0.001054792721436596                       0                       0                       0                       0                       0                       0 
   222   3.210147672227275e-05  -0.0006890589280666439                       0   0.0007211604047889167                       0                       0                       0                       0                       0                       0 
   223   0.0009344081385100917    0.003170046398421128                       0   -0.002235638259911036                       0                       0                       0                       0                       0                       0 
   225   6.820084641532035e-05  -3.714890934978267e-05                       0    0.000105349755765103                       0                       0                       0                       0                       0                       0 
   226    0.001082288920662641    0.003202633247497372                       0   -0.002120344326834731                       0                       0                       0                       0                       0                       0 
   228    0.000116155891386733   0.0001832637803306699                       0  -6.710788894393693e-05                       0                       0                       0                       0                       0                       0 
   229    0.001081675871619308     0.00278280998935125                       0   -0.001701134117731942                       0                       0                       0                       0                       0                       0 
   231   0.0002030194404282845   0.0003453391382303697                       0  -0.0001423196978020852                       0                       0                       0                       0                       0                       0 
   232    0.001209370723239734    0.002810487200736092                       0   -0.001601116477496358                       0                       0                       0                       0                       0                       0 
   246  -1.928930707221707e-05  -0.0005194948417707973                       0   0.0005002055346985802                       0                       0                       0                       0                       0                       0 
   247    0.001777069891795101    0.004319931491623727                       0   -0.002542861599828626                       0                       0                       0                       0                       0                       0 
   249   3.770555136557036e-05  -4.982351986987022e-05                       0   8.752907123544058e-05                       0                       0                       0                       0                       0                       0 
   250    0.002135008456698125    0.004804703883983609                       0   -0.002669695427285484                       0                       0                       0                       0                       0                       0 
   252   7.584519415276852e-05   0.0001486652997848467                       0  -7.282010563207822e-05                       0                       0                       0                       0                       0                       0 
   253    0.002451277727115967    0.004353720028598264                       0   -0.001902442301482297                       0                       0                       0                       0                       0                       0 
   255   8.324103766190086e-05   0.0001689004158571907                       0  -8.565937819528982e-05                       0                       0                       0                       0                       0                       0 
   256    0.002531525683213763    0.003628180091970739                       0   -0.001096654408756976                       0                       0                       0                       0                       0                       0 
