#varID                   total                 dxdbVol                dxdbSurf                    dSdb                    dndb              dxdbDirect                    dVdb                distance                 options                    dvdb
   174   8.202175402717354e-05  -0.0006951986029403098                       0   0.0007772203569674834                       0                       0                       0                       0                       0                       0 
   175    -0.00497596831660304   -0.003777441956322861                       0   -0.001198526360280179                       0                       0                       0                       0                       0                       0 
   177    0.000197004581573386  -0.0001905331533838781                       0   0.0003875377349572641                       0                       0                       0                       0                       0                       0 
   178    -0.00511741447095178   -0.004456950456252377                       0   -0.000660464014699403                       0                       0                       0                       0                       0                       0 
   180   0.0002613877305946042  -5.896148437525013e-05                       0   0.0003203492149698544                       0                       0                       0                       0                       0                       0 
   181   -0.003656457295107074   -0.003587252966927805                       0  -6.920432817926899e-05                       0                       0                       0                       0                       0                       0 
   183   0.0001576323628596541   4.320658337454037e-05                       0   0.0001144257794851137                       0                       0                       0                       0                       0                       0 
   184   -0.001752670395763714   -0.001849107913541435                       0   9.643751777772061e-05                       0                       0                       0                       0                       0                       0 
   198   2.857302523989443e-05  -0.0008648561698798333                       0   0.0008934291951197277                       0                       0                       0                       0                       0                       0 
   199   -0.004651870284965874   -0.002910819653010921                       0   -0.001741050631954953                       0                       0                       0                       0                       0                       0 
   201   0.0002135813916701658  -0.0002075911542817381                       0    0.000421172545951904                       0                       0                       0                       0                       0                       0 
   202   -0.004652317893159783   -0.003801263405582993                       0  -0.0008510544875767894                       0                       0                       0                       0                       0                       0 
   204   0.0004334533341606763  -1.743102269197984e-05                       0   0.0004508843568526562                       0                       0                       0                       0                       0                       0 
   205   -0.004875468352175173   -0.004693710373132604                       0  -0.0001817579790425686                       0                       0                       0                       0                       0                       0 
   207   0.0004707267203967014   0.0001992622207846809                       0   0.0002714644996120205                       0                       0                       0                       0                       0                       0 
   208   -0.004105786187967568   -0.004094684029885643                       0  -1.110215808192505e-05                       0                       0                       0                       0                       0                       0 
   222  -3.438383178432244e-05  -0.0006830279999434736                       0   0.0006486441681591512                       0                       0                       0                       0                       0                       0 
   223    0.001147948786319606    0.003123386217487739                       0   -0.001975437431168132                       0                       0                       0                       0                       0                       0 
   225   6.629014411640134e-05  -0.0001637858015078324                       0   0.0002300759456242337                       0                       0                       0                       0                       0                       0 
   226     0.00165231095414131    0.003544591747613677                       0   -0.001892280793472367                       0                       0                       0                       0                       0                       0 
   228   0.0002159959624194361   9.394583773217479e-05                       0   0.0001220501246872612                       0                       0                       0                       0                       0                       0 
   229    0.001819692044811482    0.003353207521884212                       0   -0.001533515477072731                       0                       0                       0                       0                       0                       0 
   231   0.0003846412689292568   0.0002843100470288678                       0    0.000100331221900389                       0                       0                       0                       0                       0                       0 
   232    0.001768730415085593    0.003070099952900223                       0    -0.00130136953781463                       0                       0                       0                       0                       0                       0 
   246  -5.030801683451717e-05  -0.0005486944596828442                       0    0.000498386442848327                       0                       0                       0                       0                       0                       0 
   247    0.002144055973505776    0.004074329205375188                       0   -0.001930273231869412                       0                       0                       0                       0                       0                       0 
   249   3.170492600274689e-05  -0.0001649294025604282                       0   0.0001966343285631751                       0                       0                       0                       0                       0                       0 
   250    0.003040214706673944    0.005312027633134652                       0   -0.002271812926460708                       0                       0                       0                       0                       0                       0 
   252   0.0001286073973148823   9.179458065869412e-05                       0    3.68128166561882e-05                       0                       0                       0                       0                       0                       0 
   253    0.003452978981934482    0.005285083164859827                       0   -0.001832104182925344                       0                       0                       0                       0                       0                       0 
   255   0.0001662441862246936   0.0001638660740454758                       0   2.378112179217787e-06                       0                       0                       0                       0                       0                       0 
   256    0.002979212054192709    0.004182472596429181                       0   -0.001203260542236472                       0                       0                       0                       0                       0                       0 
