#varID                   total                 dxdbVol                dxdbSurf                    dSdb                    dndb              dxdbDirect                    dVdb                distance                 options                    dvdb
   174   0.0002701618003703714  -0.0007248719129798855                       0   0.0009950337133502569                       0                       0                       0                       0                       0                       0 
   175   -0.004354807425017476   -0.004911375670435369                       0   0.0005565682454178941                       0                       0                       0                       0                       0                       0 
   177   0.0001777276582078304   4.657361247655791e-05                       0   0.0001311540457312725                       0                       0                       0                       0                       0                       0 
   178   -0.004195651712338666   -0.004217635078839542                       0   2.198336650087504e-05                       0                       0                       0                       0                       0                       0 
   180   0.0001558258283003114   5.618115828857219e-05                       0   9.964467001173922e-05                       0                       0                       0                       0                       0                       0 
   181   -0.003229242033568195    -0.00298608777218583                       0  -0.0002431542613823654                       0                       0                       0                       0                       0                       0 
   183   8.351386647852146e-05   0.0001061602341464871                       0  -2.264636766796563e-05                       0                       0                       0                       0                       0                       0 
   184   -0.001734053098220537   -0.001562647902509336                       0  -0.0001714051957112014                       0                       0                       0                       0                       0                       0 
   198   0.0002128775411733242  -0.0009492963433071835                       0    0.001162173884480508                       0                       0                       0                       0                       0                       0 
   199   -0.004190020909461387    -0.00404989616330676                       0  -0.0001401247461546267                       0                       0                       0                       0                       0                       0 
   201   0.0001873812853020145   1.762632253599945e-05                       0    0.000169754962766015                       0                       0                       0                       0                       0                       0 
   202   -0.003855692666214939    -0.00356279052084726                       0  -0.0002929021453676786                       0                       0                       0                       0                       0                       0 
   204   0.0002656241665027711   0.0001653577578518874                       0   0.0001002664086508837                       0                       0                       0                       0                       0                       0 
   205   -0.004453743409428648   -0.003894959352621084                       0  -0.0005587840568075632                       0                       0                       0                       0                       0                       0 
   207   0.0002610551762053077   0.0003711068848751055                       0  -0.0001100517086697978                       0                       0                       0                       0                       0                       0 
   208   -0.004384223106997787   -0.003475501909707489                       0   -0.000908721197290298                       0                       0                       0                       0                       0                       0 
   222   2.341225702287271e-05  -0.0006891627596479944                       0   0.0007125750166708671                       0                       0                       0                       0                       0                       0 
   223    0.000968741705082351    0.003167138993666679                       0   -0.002198397288584328                       0                       0                       0                       0                       0                       0 
   225   6.882670729285544e-05  -5.386623340739971e-05                       0   0.0001226929407002551                       0                       0                       0                       0                       0                       0 
   226    0.001153666512312264    0.003247582882408755                       0   -0.002093916370096491                       0                       0                       0                       0                       0                       0 
   228   0.0001291611873371668   0.0001711250324787383                       0  -4.196384514157151e-05                       0                       0                       0                       0                       0                       0 
   229    0.001167353114970309    0.002851274487851395                       0   -0.001683921372881086                       0                       0                       0                       0                       0                       0 
   231   0.0002312377106216659   0.0003337941242650535                       0  -0.0001025564136433876                       0                       0                       0                       0                       0                       0 
   232    0.001280907946164156    0.002833705152373173                       0   -0.001552797206209017                       0                       0                       0                       0                       0                       0 
   246  -2.268771413738819e-05  -0.0005241886209461426                       0   0.0005015009068087544                       0                       0                       0                       0                       0                       0 
   247    0.001831998043783627    0.004289132657431682                       0   -0.002457134613648055                       0                       0                       0                       0                       0                       0 
   249   3.807716040533129e-05  -6.535859502712549e-05                       0   0.0001034357554324568                       0                       0                       0                       0                       0                       0 
   250    0.002249330323962038    0.004869742108332573                       0   -0.002620411784370535                       0                       0                       0                       0                       0                       0 
   252    8.21697348608216e-05   0.0001411493390295729                       0   -5.89796041687513e-05                       0                       0                       0                       0                       0                       0 
   253    0.002575425410687815    0.004469171401238387                       0   -0.001893745990550572                       0                       0                       0                       0                       0                       0 
   255    9.37735852632001e-05   0.0001671039709189642                       0  -7.333038565576407e-05                       0                       0                       0                       0                       0                       0 
   256    0.002591959318279702      0.0037018335386991                       0   -0.001109874220419397                       0                       0                       0                       0                       0                       0 
