#varID                   total                 dxdbVol                dxdbSurf                    dSdb                    dndb              dxdbDirect                    dVdb                distance                 options                    dvdb
   174    0.000203704913427411  -0.0007197670082050089                       0   0.0009234719216324199                       0                       0                       0                       0                       0                       0 
   175   -0.004582602581975358   -0.004517022938486099                       0  -6.557964348925991e-05                       0                       0                       0                       0                       0                       0 
   177   0.0001845444517203158  -3.390706647437703e-05                       0   0.0002184515181946928                       0                       0                       0                       0                       0                       0 
   178   -0.004528975470741234    -0.00430560358131632                       0  -0.0002233718894249142                       0                       0                       0                       0                       0                       0 
   180   0.0001917522649478283   1.876346249707519e-05                       0   0.0001729888024507531                       0                       0                       0                       0                       0                       0 
   181   -0.003400375278074261   -0.003194047858009883                       0  -0.0002063274200643788                       0                       0                       0                       0                       0                       0 
   183   0.0001125374990868573   8.188373078688233e-05                       0     3.0653768299975e-05                       0                       0                       0                       0                       0                       0 
   184   -0.001756017735417664   -0.001673982439130937                       0  -8.203529628672722e-05                       0                       0                       0                       0                       0                       0 
   198   0.0001470796238124731  -0.0009237036877890585                       0    0.001070783311601532                       0                       0                       0                       0                       0                       0 
   199   -0.004358478768917695   -0.003646654170757436                       0  -0.0007118245981602587                       0                       0                       0                       0                       0                       0 
   201   0.0001964738270731853  -5.842784973615462e-05                       0   0.0002549016768093399                       0                       0                       0                       0                       0                       0 
   202   -0.004146803624908993    -0.00364864756595566                       0  -0.0004981560589533325                       0                       0                       0                       0                       0                       0 
   204   0.0003245074425100674   0.0001030871407318549                       0   0.0002214203017782124                       0                       0                       0                       0                       0                       0 
   205   -0.004640637767515481   -0.004179833023682422                       0  -0.0004608047438330585                       0                       0                       0                       0                       0                       0 
   207   0.0003469084064640764   0.0003024410433106448                       0   4.446736315343161e-05                       0                       0                       0                       0                       0                       0 
   208   -0.004316991954233884   -0.003733732938363379                       0  -0.0005832590158705046                       0                       0                       0                       0                       0                       0 
   222   3.468782596982621e-06  -0.0006883356855700484                       0    0.000691804468167031                       0                       0                       0                       0                       0                       0 
   223    0.001040106168730674    0.003157439954385692                       0   -0.002117333785655018                       0                       0                       0                       0                       0                       0 
   225   6.925256168086991e-05  -9.189735086594855e-05                       0   0.0001611499125468185                       0                       0                       0                       0                       0                       0 
   226    0.001320524070947778    0.003350410281453209                       0    -0.00202988621050543                       0                       0                       0                       0                       0                       0 
   228    0.000159043592984538   0.0001438577420772311                       0   1.518585090730686e-05                       0                       0                       0                       0                       0                       0 
   229    0.001375786541740396    0.003014253701747004                       0   -0.001638467160006608                       0                       0                       0                       0                       0                       0 
   231   0.0002901079893456862    0.000311986907389801                       0  -2.187891804411489e-05                       0                       0                       0                       0                       0                       0 
   232    0.001447534766529978    0.002900298653667803                       0   -0.001452763887137825                       0                       0                       0                       0                       0                       0 
   246  -3.127604706592126e-05  -0.0005339120610727151                       0   0.0005026360140067939                       0                       0                       0                       0                       0                       0 
   247    0.001949917048033711    0.004217860903626255                       0   -0.002267943855592544                       0                       0                       0                       0                       0                       0 
   249   3.764195237544896e-05  -0.0001001995164070922                       0   0.0001378414687825411                       0                       0                       0                       0                       0                       0 
   250    0.002515452271404257    0.005020329304295259                       0   -0.002504877032891002                       0                       0                       0                       0                       0                       0 
   252   9.725016423869834e-05   0.0001240992585579189                       0  -2.684909431922054e-05                       0                       0                       0                       0                       0                       0 
   253    0.002866655054889663    0.004740267163809323                       0    -0.00187361210891966                       0                       0                       0                       0                       0                       0 
   255   0.0001181900198779149   0.0001644183118256203                       0  -4.622829194770548e-05                       0                       0                       0                       0                       0                       0 
   256    0.002727870918235672    0.003868835407915854                       0   -0.001140964489680182                       0                       0                       0                       0                       0                       0 
