#varID                   total                 dxdbVol                dxdbSurf                    dSdb                    dndb              dxdbDirect                    dVdb                distance                 options                    dvdb
   174    0.000125783831418055   -0.000706147065470956                       0    0.000831930896889011                       0                       0                       0                       0                       0                       0 
   175   -0.004836807150301338   -0.004045670904675178                       0  -0.0007911362456261608                       0                       0                       0                       0                       0                       0 
   177   0.0001923596352995217  -0.0001328201958898167                       0   0.0003251798311893384                       0                       0                       0                       0                       0                       0 
   178   -0.004907886284407368   -0.004402856807015276                       0  -0.0005050294773920919                       0                       0                       0                       0                       0                       0 
   180   0.0002358666999457079  -2.977105104731791e-05                       0   0.0002656377509930258                       0                       0                       0                       0                       0                       0 
   181   -0.003572350949813957   -0.003444013900835806                       0  -0.0001283370489781508                       0                       0                       0                       0                       0                       0 
   183   0.0001426347492562814   5.634950133017906e-05                       0    8.62852479261023e-05                       0                       0                       0                       0                       0                       0 
   184   -0.001759704263199953   -0.001790341604526177                       0   3.063734132622379e-05                       0                       0                       0                       0                       0                       0 
   198   7.097520472141769e-05  -0.0008876734676137389                       0   0.0009586486723351566                       0                       0                       0                       0                       0                       0 
   199   -0.004547573230555575   -0.003175071832921019                       0   -0.001372501397634556                       0                       0                       0                       0                       0                       0 
   201   0.0002072294568227587  -0.0001524621547616414                       0   0.0003596916115844001                       0                       0                       0                       0                       0                       0 
   202   -0.004473639828410172   -0.003746096570077326                       0  -0.0007275432583328453                       0                       0                       0                       0                       0                       0 
   204    0.000394255038731525   2.671416124424575e-05                       0   0.0003675408774872793                       0                       0                       0                       0                       0                       0 
   205   -0.004806094051168994   -0.004510355454078457                       0  -0.0002957385970905367                       0                       0                       0                       0                       0                       0 
   207   0.0004308029222191223   0.0002334526412234668                       0   0.0001973502809956555                       0                       0                       0                       0                       0                       0 
   208   -0.004193247270050719   -0.003980477221163483                       0  -0.0002127700488872366                       0                       0                       0                       0                       0                       0 
   222  -2.055391101068722e-05   -0.000685515557408057                       0   0.0006649616463973698                       0                       0                       0                       0                       0                       0 
   223    0.001112724101559108    0.003138545413474304                       0   -0.002025821311915196                       0                       0                       0                       0                       0                       0 
   225   6.794916724786363e-05  -0.0001374739660168588                       0   0.0002054231332647224                       0                       0                       0                       0                       0                       0 
   226    0.001528466201718771    0.003473755093174725                       0   -0.001945288891455953                       0                       0                       0                       0                       0                       0 
   228   0.0001951302885967201   0.0001119483286397539                       0   8.318195995696616e-05                       0                       0                       0                       0                       0                       0 
   229    0.001649820201405005    0.003224187589632231                       0   -0.001574367388227226                       0                       0                       0                       0                       0                       0 
   231   0.0003522743533215902   0.0002926751931101133                       0   5.959916021147693e-05                       0                       0                       0                       0                       0                       0 
   232    0.001650981282839408    0.003002135740186823                       0   -0.001351154457347415                       0                       0                       0                       0                       0                       0 
   246  -4.296306986044905e-05  -0.0005438312304491565                       0   0.0005008681605887075                       0                       0                       0                       0                       0                       0 
   247    0.002077572869038023    0.004128557139909321                       0   -0.002050984270871298                       0                       0                       0                       0                       0                       0 
   249   3.468028320918962e-05  -0.0001413420770031237                       0   0.0001760223602123133                       0                       0                       0                       0                       0                       0 
   250    0.002845006975199886    0.005204481042671142                       0   -0.002359474067471256                       0                       0                       0                       0                       0                       0 
   252   0.0001166759943049863   0.0001036498678847628                       0   1.302612642022349e-05                       0                       0                       0                       0                       0                       0 
   253    0.003232761293215664    0.005080748624323357                       0   -0.001847987331107693                       0                       0                       0                       0                       0                       0 
   255   0.0001483576286189419    0.000163443903263588                       0  -1.508627464464608e-05                       0                       0                       0                       0                       0                       0 
   256    0.002888078043427487    0.004068024288746537                       0    -0.00117994624531905                       0                       0                       0                       0                       0                       0 
