#varID                   total                 dxdbVol                dxdbSurf                    dSdb                    dndb              dxdbDirect                    dVdb                distance                 options                    dvdb
   174  -0.0001935535202301887  -0.0005792559713032656                       0   0.0003857024510730769                       0                       0                       0                       0                       0                       0 
   175   -0.005851868156958888   -0.002047098912221091                       0   -0.003804769244737798                       0                       0                       0                       0                       0                       0 
   177   0.0002387646196810806  -0.0005928109089371248                       0   0.0008315755286182054                       0                       0                       0                       0                       0                       0 
   178   -0.006434850932696107   -0.004851846421710298                       0   -0.001583004510985809                       0                       0                       0                       0                       0                       0 
   180   0.0004254985624573225  -0.0002690009991193668                       0   0.0006944995615766893                       0                       0                       0                       0                       0                       0 
   181   -0.003996009671113025   -0.004526180161933954                       0     0.00053017049082093                       0                       0                       0                       0                       0                       0 
   183   0.0002189299675017383  -2.471622497436199e-05                       0   0.0002436461924761003                       0                       0                       0                       0                       0                       0 
   184   -0.001588138939362633   -0.002110175855216786                       0    0.000522036915854152                       0                       0                       0                       0                       0                       0 
   198  -0.0002363888623283118  -0.0006849472143670942                       0   0.0004485583520387824                       0                       0                       0                       0                       0                       0 
   199    -0.00532759805162711   -0.001258770938723369                       0   -0.004068827112903741                       0                       0                       0                       0                       0                       0 
   201   0.0002645062182810464  -0.0005957906511173816                       0    0.000860296869398428                       0                       0                       0                       0                       0                       0 
   202   -0.005731714256029566   -0.004204380308686298                       0   -0.001527333947343268                       0                       0                       0                       0                       0                       0 
   204   0.0006691894043509965  -0.0003085422973044732                       0   0.0009777317016554697                       0                       0                       0                       0                       0                       0 
   205   -0.004946788014977015   -0.005773003109250247                       0   0.0008262150942732313                       0                       0                       0                       0                       0                       0 
   207   0.0006191312090703352   3.832317849742775e-05                       0   0.0005808080305729075                       0                       0                       0                       0                       0                       0 
   208   -0.003333375499669136   -0.004456655822337732                       0    0.001123280322668596                       0                       0                       0                       0                       0                       0 
   222  -0.0001267885927817527  -0.0006488166424756237                       0    0.000522028049693871                       0                       0                       0                       0                       0                       0 
   223    0.001247296701552999    0.002913097844187899                       0     -0.0016658011426349                       0                       0                       0                       0                       0                       0 
   225    3.50237610520679e-05  -0.0003493752781065445                       0   0.0003843990391586124                       0                       0                       0                       0                       0                       0 
   226    0.002592995462283198    0.004021195654352524                       0   -0.001428200192069327                       0                       0                       0                       0                       0                       0 
   228   0.0003616802707221538  -2.463159432934264e-05                       0   0.0003863118650514964                       0                       0                       0                       0                       0                       0 
   229    0.003236375801250169    0.004435126737334307                       0   -0.001198750936084139                       0                       0                       0                       0                       0                       0 
   231   0.0005615994923175301   0.0002626487196842169                       0   0.0002989507726333132                       0                       0                       0                       0                       0                       0 
   232    0.002550397217735216    0.003659827700411928                       0   -0.001109430482676713                       0                       0                       0                       0                       0                       0 
   246  -0.0001099439694729845  -0.0005646908052175803                       0   0.0004547468357445958                       0                       0                       0                       0                       0                       0 
   247    0.002444448752420617    0.003612307496453901                       0   -0.001167858744033284                       0                       0                       0                       0                       0                       0 
   249  -1.798380806401989e-05  -0.0003329626235477415                       0   0.0003149788154837216                       0                       0                       0                       0                       0                       0 
   250    0.004493570082994286    0.006064320976598964                       0   -0.001570750893604677                       0                       0                       0                       0                       0                       0 
   252   0.0002294700127970868    6.51155598801435e-06                       0   0.0002229584568090725                       0                       0                       0                       0                       0                       0 
   253    0.005189640879882304    0.006877412149017931                       0   -0.001687771269135627                       0                       0                       0                       0                       0                       0 
   255   0.0003016890570387848   0.0001834801380913303                       0   0.0001182089189474545                       0                       0                       0                       0                       0                       0 
   256    0.003581212499835165    0.004964282883688369                       0   -0.001383070383853204                       0                       0                       0                       0                       0                       0 
