#varID                   total                 dxdbVol                dxdbSurf                    dSdb                    dndb              dxdbDirect                    dVdb                distance                 options                    dvdb
   174   0.0003514750480281887  -0.0007218072272564894                       0    0.001073282275284678                       0                       0                       0                       0                       0                       0 
   175   -0.004052256854998434   -0.005381536425989317                       0    0.001329279570990883                       0                       0                       0                       0                       0                       0 
   177   0.0001679240558393069   0.0001399633661921163                       0   2.796068964719056e-05                       0                       0                       0                       0                       0                       0 
   178   -0.003764877884319032   -0.004095413689694833                       0   0.0003305358053758016                       0                       0                       0                       0                       0                       0 
   180   0.0001144090921623277   9.592419307665705e-05                       0   1.848489908567065e-05                       0                       0                       0                       0                       0                       0 
   181   -0.002983547417664321   -0.002737366408023749                       0  -0.0002461810096405721                       0                       0                       0                       0                       0                       0 
   183   4.382181138792743e-05   0.0001396800743556064                       0  -9.585826296767901e-05                       0                       0                       0                       0                       0                       0 
   184   -0.001678241948427414   -0.001410297114934694                       0  -0.0002679448334927202                       0                       0                       0                       0                       0                       0 
   198   0.0002951311537312169  -0.0009731999965311138                       0    0.001268331150262331                       0                       0                       0                       0                       0                       0 
   199   -0.003966476334130706   -0.004544795568908924                       0   0.0005783192347782189                       0                       0                       0                       0                       0                       0 
   201   0.0001753164977993758    0.000105363482105738                       0   6.995301569363782e-05                       0                       0                       0                       0                       0                       0 
   202   -0.003474832028102586   -0.003446769039312334                       0  -2.806298879025137e-05                       0                       0                       0                       0                       0                       0 
   204   0.0001950854727657989   0.0002367079313415246                       0  -4.162245857572575e-05                       0                       0                       0                       0                       0                       0 
   205   -0.004158267001531385   -0.003542821003216979                       0  -0.0006154459983144066                       0                       0                       0                       0                       0                       0 
   207   0.0001349042798442444   0.0004710205199070346                       0  -0.0003361162400627902                       0                       0                       0                       0                       0                       0 
   208   -0.004405468804084866   -0.003090345431493907                       0    -0.00131512337259096                       0                       0                       0                       0                       0                       0 
   222   4.731802794132013e-05  -0.0006881291248088833                       0   0.0007354471527502034                       0                       0                       0                       0                       0                       0 
   223   0.0008692405032043613    0.003173831722270098                       0   -0.002304591219065737                       0                       0                       0                       0                       0                       0 
   225   6.641612116278005e-05  -7.515501246560959e-06                       0   7.393162240934101e-05                       0                       0                       0                       0                       0                       0 
   226     0.00095873241863476    0.003123645755988269                       0   -0.002164913337353509                       0                       0                       0                       0                       0                       0 
   228   9.340629313799958e-05   0.0002049447661511896                       0    -0.00011153847301319                       0                       0                       0                       0                       0                       0 
   229   0.0009387936161136491    0.002665665042633139                       0    -0.00172687142651949                       0                       0                       0                       0                       0                       0 
   231   0.0001490035830055187   0.0003692446730928241                       0  -0.0002202410900873054                       0                       0                       0                       0                       0                       0 
   232    0.001086291806964754      0.0027792991156203                       0   -0.001693007308655547                       0                       0                       0                       0                       0                       0 
   246  -1.388766524263178e-05  -0.0005105329500313592                       0   0.0004966452847887274                       0                       0                       0                       0                       0                       0 
   247    0.001675257829157284    0.004374380079085185                       0   -0.002699122249927902                       0                       0                       0                       0                       0                       0 
   249   3.622562343266841e-05  -2.184041123607332e-05                       0   5.806603466874173e-05                       0                       0                       0                       0                       0                       0 
   250    0.001936412568225526    0.004691509872985565                       0   -0.002755097304760039                       0                       0                       0                       0                       0                       0 
   252     6.5063005380252e-05   0.0001620609506205415                       0  -9.699794524028954e-05                       0                       0                       0                       0                       0                       0 
   253    0.002236618330853249    0.004154606793758855                       0   -0.001917988462905606                       0                       0                       0                       0                       0                       0 
   255   6.483366566566019e-05   0.0001731454304083908                       0  -0.0001083117647427306                       0                       0                       0                       0                       0                       0 
   256    0.002423206885877628    0.003497168840417646                       0   -0.001073961954540018                       0                       0                       0                       0                       0                       0 
