#varID                   total                 dxdbVol                dxdbSurf                    dSdb                    dndb              dxdbDirect                    dVdb                distance                 options                    dvdb
   174  -0.0001301407695470573  -0.0006125595720128233                       0    0.000482418802465766                       0                       0                       0                       0                       0                       0 
   175   -0.005645077931762126   -0.002449960909567411                       0   -0.003195117022194715                       0                       0                       0                       0                       0                       0 
   177   0.0002266254055518867  -0.0004938015288765521                       0   0.0007204269344284388                       0                       0                       0                       0                       0                       0 
   178   -0.006127486865995539   -0.004746598227071673                       0   -0.001380888638923866                       0                       0                       0                       0                       0                       0 
   180   0.0003882481887774682  -0.0002169905397920613                       0   0.0006052387285695295                       0                       0                       0                       0                       0                       0 
   181   -0.003946112095987014   -0.004305827244238402                       0   0.0003597151482513876                       0                       0                       0                       0                       0                       0 
   183   0.0002100356646493002  -1.093115525337137e-05                       0   0.0002209668199026715                       0                       0                       0                       0                       0                       0 
   184   -0.001642156969785214   -0.002066979487820917                       0   0.0004248225180357024                       0                       0                       0                       0                       0                       0 
   198  -0.0001754511909678707  -0.0007314097896220718                       0    0.000555958598654201                       0                       0                       0                       0                       0                       0 
   199   -0.005164852521004434   -0.001636785955243364                       0   -0.003528066565761071                       0                       0                       0                       0                       0                       0 
   201     0.00025072278984541   -0.000499789558695909                       0    0.000750512348541319                       0                       0                       0                       0                       0                       0 
   202   -0.005488187523874317   -0.004099081967558658                       0   -0.001389105556315658                       0                       0                       0                       0                       0                       0 
   204   0.0006178385624317389  -0.0002400403780725303                       0   0.0008578789405042692                       0                       0                       0                       0                       0                       0 
   205   -0.004985779309575263   -0.005540785708087437                       0   0.0005550063985121738                       0                       0                       0                       0                       0                       0 
   207   0.0005995840388133925   6.871761265363078e-05                       0   0.0005308664261597617                       0                       0                       0                       0                       0                       0 
   208   -0.003539360964149053   -0.004424638399071535                       0   0.0008852774349224823                       0                       0                       0                       0                       0                       0 
   222  -0.0001048696615584475  -0.0006600880924138791                       0   0.0005552184308554316                       0                       0                       0                       0                       0                       0 
   223    0.001247565173464956    0.002983659194768489                       0   -0.001736094021303533                       0                       0                       0                       0                       0                       0 
   225   4.615818742035563e-05  -0.0003027821718723918                       0   0.0003489403592927474                       0                       0                       0                       0                       0                       0 
   226    0.002347254315587863    0.003906655352980048                       0   -0.001559401037392185                       0                       0                       0                       0                       0                       0 
   228   0.0003254420992881578   3.897264713355531e-06                       0   0.0003215448345748023                       0                       0                       0                       0                       0                       0 
   229    0.002847513617840487    0.004135344653982933                       0   -0.001287831036142446                       0                       0                       0                       0                       0                       0 
   231   0.0005239141601103196   0.0002636569766585373                       0   0.0002602571834517823                       0                       0                       0                       0                       0                       0 
   232    0.002366665022828471    0.003501305217986719                       0   -0.001134640195158247                       0                       0                       0                       0                       0                       0 
   246  -9.416847500358534e-05  -0.0005637197087835399                       0   0.0004695512337799545                       0                       0                       0                       0                       0                       0 
   247    0.002398466510800821     0.00374332416032907                       0   -0.001344857649528249                       0                       0                       0                       0                       0                       0 
   249  -5.641849156245234e-07  -0.0002900471987460473                       0   0.0002894830138304228                       0                       0                       0                       0                       0                       0 
   250    0.004119816007045769    0.005880348806598057                       0   -0.001760532799552289                       0                       0                       0                       0                       0                       0 
   252   0.0002012381992466671    2.81795145111285e-05                       0   0.0001730586847355386                       0                       0                       0                       0                       0                       0 
   253     0.00472507389204103    0.006455088335499345                       0   -0.001730014443458315                       0                       0                       0                       0                       0                       0 
   255   0.0002662875768293584   0.0001761250225081841                       0   9.016255432117431e-05                       0                       0                       0                       0                       0                       0 
   256    0.003438760181724495    0.004774332900769272                       0   -0.001335572719044777                       0                       0                       0                       0                       0                       0 
