               #Cycle       LineSearchIters          CycleCPUcost  CyclePrimalSolutions CycleAdjointSolutions          TotalCPUcost  TotalPrimalSolutions TotalAdjointSolutions
                    2                     1                 46.84                     1                     1                 46.84                     2                     2
                    3                     1                 33.22                     1                     1                 80.06                     3                     3
                    4                     1                 32.89                     1                     1                112.93                     4                     4
                    5                     1     32.55999999999999                     1                     1                145.54                     5                     5
                    6                     1                 32.09                     1                     1                177.57                     6                     6
                    7                     1                    32                     1                     1                209.57                     7                     7
                    8                     1     31.50999999999999                     1                     1                241.12                     8                     8
                    9                     1     31.31999999999999                     1                     1                272.38                     9                     9
                   10                     1     31.08000000000004                     1                     1                303.48                    10                    10
                   11                     1     36.11000000000001                     1                     1                339.55                    11                    11
                   12                     1     30.39999999999998                     1                     1                   370                    12                    12
                   13                     1     35.84999999999997                     1                     1                405.89                    13                    13
                   14                     1     35.48000000000002                     1                     1                441.31                    14                    14
                   15                     1                 35.25                     1                     1                476.56                    15                    15
