#    J                     JCycle                
1    0.04061355268661505   0.02842948688063053   
2    0.04046561538259304   0.02832593076781512   
3    0.04033111357639281   0.02823177950347497   
4    0.04020852075843093   0.02814596453090165   
5    0.04009657775592211   0.02806760442914548   
6    0.03999422383625584   0.02799595668537909   
7    0.03990055122854919   0.02793038585998443   
8    0.03981476988765389   0.02787033892135772   
9    0.03973618846933921   0.02781533192853745   
10   0.03966419056085829   0.0277649333926008    
11   0.03959821198108099   0.02771874838675669   
12   0.0395377477525766    0.02767642342680362   
13   0.03948233917516858   0.027637637422618     
14   0.03943156255259459   0.02760209378681621   
15   0.03938502843309109   0.02756951990316376   
