#    J                     JCycle                
1    -0.05392943884115931  -0.04853649495704338  
2    -0.05543874573883476  -0.04989487116495129  
3    -0.05688119061128533  -0.05119307155015679  
4    -0.05826605918184378  -0.0524394532636594   
5    -0.05959994066189129  -0.05363994659570216  
6    -0.06088752999059361  -0.05479877699153425  
7    -0.06213219916488558  -0.05591897924839703  
8    -0.06333639788583688  -0.05700275809725319  
9    -0.06450195290017426  -0.05805175761015683  
10   -0.06563024748609909  -0.05906722273748918  
11   -0.0667223496034056   -0.06005011464306505  
12   -0.06777916115391595  -0.06100124503852436  
13   -0.0688014678827789   -0.06192132109450101  
14   -0.0697899892432061   -0.0628109903188855   
15   -0.07074542343429875  -0.06367088109086888  
