   #     weightedObjective                  lift                  drag 
   1  -0.02010700807641285  -0.04853649495704338   0.02842948688063053 
   2  -0.02156894039713617  -0.04989487116495129   0.02832593076781512 
   3  -0.02296129204668183  -0.05119307155015679   0.02823177950347497 
   4  -0.02429348873275776   -0.0524394532636594   0.02814596453090165 
   5  -0.02557234216655669  -0.05363994659570216   0.02806760442914548 
   6  -0.02680282030615517  -0.05479877699153425   0.02799595668537909 
   7  -0.02798859338841259  -0.05591897924839703   0.02793038585998443 
   8  -0.02913241917589547  -0.05700275809725319   0.02787033892135772 
   9  -0.03023642568161938  -0.05805175761015683   0.02781533192853745 
  10  -0.03130228934488839  -0.05906722273748918    0.0277649333926008 
  11  -0.03233136625630836  -0.06005011464306505   0.02771874838675669 
  12  -0.03332482161172075  -0.06100124503852436   0.02767642342680362 
  13    -0.034283683671883  -0.06192132109450101     0.027637637422618 
  14  -0.03520889653206929   -0.0628109903188855   0.02760209378681621 
  15  -0.03610136118770511  -0.06367088109086888   0.02756951990316376 
