                 #varID      adjointSensitivity
                    174  -8.022522098066927e-07
                    175  -0.0004631702740443325
                    177   1.718608798940014e-05
                    178  -0.0005116731225592829
                    180   2.637605374241511e-05
                    181  -0.0003676730738081199
                    183   2.169249648530056e-05
                    184  -0.0001946371724694508
                    198  -9.821283630926498e-06
                    199  -0.0003170081569818179
                    201   2.073886508870951e-05
                    202  -0.0004079911648316734
                    204   4.997618378130641e-05
                    205  -0.0004333302830048463
                    207   6.425212300120832e-05
                    208  -0.0004282429123320488
                    222  -1.114511924888459e-05
                    223   0.0007406865749305918
                    225  -3.355074513299852e-06
                    226   0.0004529808600299413
                    228   1.421253813826319e-05
                    229   0.0005168063592061658
                    231   4.366791951986138e-05
                    232   0.0004880453298259225
                    246  -4.953280771631671e-06
                    247   0.0008029289891071205
                    249  -1.392192567029445e-05
                    250   0.0006989217270434037
                    252  -2.082229799744539e-06
                    253    0.000750557162780335
                    255   1.353904596839219e-05
                    256   0.0006214660712623917
