                 #varID      adjointSensitivity
                    174  -1.617705738246231e-05
                    175   -0.000650022054589802
                    177   2.814918943496174e-05
                    178  -0.0008563965594873811
                    180     5.7097473659507e-05
                    181  -0.0005432106854486696
                    183   2.977363341430106e-05
                    184   -0.000224774198774856
                    198  -3.362164244816233e-05
                    199   -0.000395783301278626
                    201   3.731765341729275e-05
                    202  -0.0006212560907020374
                    204    9.70606790336545e-05
                    205  -0.0006033188905870428
                    207   8.762693026438543e-05
                    208   -0.000497032414628795
                    222  -8.827766081781019e-05
                    223    0.001308007315039698
                    225  -1.086480921015534e-05
                    226    0.001332625143903825
                    228   6.469563655675173e-05
                    229   0.0009900696993645156
                    231   7.401261320005872e-05
                    232   0.0003623496518968766
                    246   -9.23311296086493e-05
                    247    0.001558963516240085
                    249  -2.423741415201062e-05
                    250    0.001854506828995663
                    252   4.765092426154067e-05
                    253    0.001407458836959141
                    255   4.282316241823077e-05
                    256   0.0005836634800885632
