                 #varID      adjointSensitivity
                    174    4.30915998266381e-06
                    175  -0.0004083709946600125
                    177   1.463030680804264e-05
                    178  -0.0004289767905208353
                    180   1.788987967631065e-05
                    181  -0.0003127083871826947
                    183   1.954070224581433e-05
                    184  -0.0001799112933008902
                    198  -5.485793252699373e-06
                    199   -0.000285758434899408
                    201   1.609253621367583e-05
                    202  -0.0003421403249126491
                    204   3.813662435135824e-05
                    205  -0.0003713439582983765
                    207    5.44423611918773e-05
                    208  -0.0004105734885340685
                    222  -3.490275308743449e-06
                    223   0.0006279772283705309
                    225  -3.636966541808995e-06
                    226   0.0003157567522640149
                    228   8.296437572730006e-06
                    229   0.0003867748343785026
                    231   2.979783104121187e-05
                    232   0.0004348964897959156
                    246   4.203026377138145e-06
                    247   0.0006638290631458409
                    249  -1.423115214826981e-05
                    250   0.0005235498854765461
                    252   -5.89691591869134e-06
                    253   0.0005792412293301463
                    255   4.579919533443717e-06
                    256   0.0005538206455359938
