                 #varID      adjointSensitivity
                    174   3.114772502844487e-06
                    175  -0.0004209712851821935
                    177   1.518471976379209e-05
                    178  -0.0004471393005959868
                    180    1.98128596300568e-05
                    181  -0.0003253602468207257
                    183   2.000607927137993e-05
                    184  -0.0001836484520292639
                    198  -6.378306989773472e-06
                    199  -0.0002931550568190174
                    201    1.71478027066387e-05
                    202  -0.0003570375627026855
                    204   4.074783709310197e-05
                    205  -0.0003862217014786212
                    207   5.676510746162677e-05
                    208  -0.0004151712981741412
                    222  -4.816210028595145e-06
                    223   0.0006527125056715864
                    225  -3.498097525843222e-06
                    226   0.0003445315213945455
                    228   9.417222329040332e-06
                    229   0.0004151683880893014
                    231   3.292345907199859e-05
                    232   0.0004488152341947695
                    246    2.54862422154696e-06
                    247    0.000693815223674699
                    249  -1.406320077765389e-05
                    250   0.0005600822474093651
                    252  -5.252234499769547e-06
                    253   0.0006166641807529558
                    255   6.433237846835364e-06
                    256    0.000570670138296687
