                 #varID      adjointSensitivity
                    174   1.866627760639585e-06
                    175  -0.0004342608520577844
                    177   1.579115501233318e-05
                    178   -0.000466853871514266
                    180   2.185962806893458e-05
                    181  -0.0003387162753973841
                    183   2.051876014427723e-05
                    184  -0.0001873586524057659
                    198  -7.388138797141414e-06
                    199  -0.0003008214779583766
                    201   1.826938066556017e-05
                    202  -0.0003729276947799962
                    204   4.357693620835951e-05
                    205  -0.0004015218290638146
                    207   5.917761346247864e-05
                    208  -0.0004196346871999146
                    222  -6.487747460177202e-06
                    223    0.000679542258174304
                    225  -3.395217362603235e-06
                    226   0.0003765962848883992
                    228   1.074515837000065e-05
                    229   0.0004461318222816435
                    231   3.627474806207235e-05
                    232   0.0004625210870338915
                    246    5.22056770348384e-07
                    247   0.0007267047894333359
                    249  -1.394253578851194e-05
                    250   0.0006009555825207025
                    252  -4.435688053124574e-06
                    253    0.000657444240673841
                    255    8.52962514218052e-06
                    256   0.0005877185472620586
