                 #varID      adjointSensitivity
                    174   5.452060036740202e-06
                    175  -0.0003964035785323642
                    177   1.412333624095918e-05
                    178  -0.0004122030756560917
                    180   1.607911372343771e-05
                    181  -0.0003007257202725089
                    183   1.912063804966402e-05
                    184  -0.0001761618054389645
                    198  -4.697699907930237e-06
                    199  -0.0002786231188911987
                    201   1.509736177772388e-05
                    202  -0.0003281597451577643
                    204   3.572378403603668e-05
                    205  -0.0003568948890977217
                    207    5.22119255445782e-05
                    208  -0.0004058379554933579
                    222  -2.455792766862305e-06
                    223   0.0006051002733527895
                    225   -3.80094733772618e-06
                    226   0.0002898162843697047
                    228   7.346849109973882e-06
                    229   0.0003607129895813891
                    231   2.688896116951636e-05
                    232   0.0004209740196585234
                    246   5.544530807530105e-06
                    247   0.0006364068275397849
                    249  -1.443161566729893e-05
                    250   0.0004907485096124014
                    252  -6.406675327073566e-06
                    253   0.0005448463685468483
                    255    2.94711169084195e-06
                    256   0.0005373187614763486
