                 #varID      adjointSensitivity
                    174   5.619093616363903e-07
                    175   -0.000448303155025426
                    177    1.64560207782999e-05
                    178  -0.0004882984338860741
                    180   2.404271125154003e-05
                    181  -0.0003528095296221728
                    183   2.108041153508069e-05
                    184  -0.0001910266940573204
                    198  -8.530063834475982e-06
                    199  -0.0003087693207146048
                    201   1.946390383993134e-05
                    202  -0.0003898862249745347
                    204   4.664521901538081e-05
                    205     -0.0004172302119049
                    207   6.167551003696413e-05
                    208  -0.0004239802905487915
                    222  -8.570612969042339e-06
                    223   0.0007087506590392734
                    225    -3.3419336695467e-06
                    226   0.0004125125693114436
                    228   1.232498584134831e-05
                    229   0.0004799215117698379
                    231   3.985670773831232e-05
                    232   0.0004757275148395304
                    246  -1.949015022847771e-06
                    247   0.0007629081216074889
                    249   -1.38877206602251e-05
                    250   0.0006469223016649971
                    252  -3.399539787874974e-06
                    253   0.0007019439455447246
                    255   1.089141874218409e-05
                    256     0.00060475168250296
