                 #varID      adjointSensitivity
                    174   -1.41706330340671e-05
                    175  -0.0006234171374381906
                    177    2.64497157885942e-05
                    178  -0.0008020650020839054
                    180   5.257562579530188e-05
                    181  -0.0005190672136028804
                    183   2.858965390662173e-05
                    184  -0.0002210913608506972
                    198   -2.91752756396051e-05
                    199  -0.0003891666039852327
                    201   3.494194034494734e-05
                    202   -0.000596152314790643
                    204   8.984936787786774e-05
                    205  -0.0005792872692753782
                    207   8.549194638159702e-05
                    208  -0.0004804501423759976
                    222  -7.008821156512257e-05
                    223    0.001193537508337614
                    225  -9.079940047307736e-06
                    226    0.001139176240660902
                    228   5.387538340924456e-05
                    229   0.0009353749571566622
                    231   7.422935766733429e-05
                    232   0.0004279749715340871
                    246  -7.159526718362541e-05
                    247    0.001402444472058969
                    249  -2.187421078284052e-05
                    250    0.001598563400191348
                    252   3.549690788607365e-05
                    253    0.001322977810374614
                    255   4.164879714331116e-05
                    256   0.0006332221019507984
