                 #varID      adjointSensitivity
                    174  -1.224045335731388e-05
                    175  -0.0005983823654251651
                    177   2.487194228051424e-05
                    178  -0.0007525191572240397
                    180   4.837960793133906e-05
                    181  -0.0004964293394974754
                    183   2.750394238914814e-05
                    184  -0.0002177689915400986
                    198  -2.541044151637469e-05
                    199  -0.0003808360560767937
                    201   3.269725951568719e-05
                    202  -0.0005697620701163989
                    204   8.322290937635914e-05
                    205   -0.000557990954890641
                    207   8.309342199145466e-05
                    208  -0.0004683468866973919
                    222  -5.598654411191248e-05
                    223    0.001101918658079404
                    225  -7.535646328622378e-06
                    226   0.0009875512083660982
                    228   4.487073045559133e-05
                    229   0.0008751464094473159
                    231    7.22420219911901e-05
                    232   0.0004703988191326315
                    246  -5.563887043039735e-05
                    247    0.001277934264626169
                    249  -1.976209119131019e-05
                    250     0.00139813832878648
                    252   2.587981397290186e-05
                    253    0.001235477109964053
                    255   3.877446688580995e-05
                    256   0.0006614989273081855
