                 #varID      adjointSensitivity
                    174  -1.038719705695457e-05
                    175  -0.0005749603151214754
                    177   2.342760953072555e-05
                    178  -0.0007074932357252486
                    180   4.448943457340009e-05
                    181  -0.0004750468403739957
                    183   2.649530508652267e-05
                    184  -0.0002145963130319916
                    198  -2.218125795247234e-05
                    199  -0.0003716941788384789
                    201   3.059692927731041e-05
                    202  -0.0005433797713271831
                    204   7.715026293216357e-05
                    205  -0.0005382892038731802
                    207   8.051840680487997e-05
                    208  -0.0004592592265106556
                    222  -4.485814474759309e-05
                    223    0.001026203716663508
                    225   -6.27312678994291e-06
                    226    0.000865759391012132
                    228   3.748811512731726e-05
                    229   0.0008143892492665779
                    231   6.896733511526146e-05
                    232   0.0004960795509554594
                    246  -4.309897602510545e-05
                    247    0.001175872589364728
                    249  -1.801455019837965e-05
                    250    0.001237523733169752
                    252   1.837141104889126e-05
                    253    0.001150179280094468
                    255   3.508386033152509e-05
                    256   0.0006748785135513192
