                 #varID      adjointSensitivity
                    174  -8.610276337082815e-06
                    175  -0.0005530921666787884
                    177   2.211477844197754e-05
                    178  -0.0006666268317724038
                    180   4.088370035909436e-05
                    181   -0.000454774272286221
                    183   2.555252120316361e-05
                    184  -0.0002114495197562718
                    198  -1.938546359423583e-05
                    199  -0.0003622482458991005
                    201   2.864108887577608e-05
                    202  -0.0005177202466423126
                    204   7.158829667302871e-05
                    205  -0.0005195610453632459
                    207   7.783493008639524e-05
                    208  -0.0004521666767035823
                    222  -3.596004063698166e-05
                    223   0.0009620343599428018
                    225  -5.286546391574417e-06
                    226   0.0007658789323275546
                    228   3.146315625226489e-05
                    229   0.0007556758566792898
                    231   6.498960248411452e-05
                    232   0.0005097008686133903
                    246  -3.308828186601319e-05
                    247    0.001090177095068556
                    249  -1.664264417912013e-05
                    250    0.001106210097678582
                    252   1.253706914104133e-05
                    253    0.001069518136921862
                    255   3.109662616887493e-05
                    256   0.0006778723902292298
