                 #varID      adjointSensitivity
                    174  -6.908196198145426e-06
                    175  -0.0005326744769092592
                    177   2.092524466299259e-05
                    178  -0.0006295323058455233
                    180   3.754052652303665e-05
                    181  -0.0004355216269256182
                    183   2.466972114118668e-05
                    184  -0.0002082592136038508
                    198  -1.694837999253378e-05
                    199  -0.0003527840528962998
                    201   2.682345470987109e-05
                    202  -0.0004931598505133565
                    204   6.649244227534954e-05
                    205  -0.0005014757409260256
                    207   7.509541978881341e-05
                    208  -0.0004463608700616705
                    222  -2.877844027251867e-05
                    223   0.0009065664008222926
                    225  -4.547576793215602e-06
                    226   0.0006825218656861568
                    228   2.654463743818135e-05
                    229   0.0007002505061692858
                    231   6.068006582700923e-05
                    232   0.0005146516506981194
                    246   -2.50041726571939e-05
                    247    0.001016840336115473
                    249  -1.561253285481135e-05
                    250   0.0009970016839539525
                    252   8.006608446629794e-06
                    253   0.0009944780912418932
                    255   2.711278797673611e-05
                    256   0.0006736683452757461
