                 #varID      adjointSensitivity
                    174  -5.278894572104923e-06
                    175  -0.0005135889537116929
                    177   1.984835605495401e-05
                    178  -0.0005958297462097642
                    180   3.443832581750682e-05
                    181  -0.0004172279796428819
                    183   2.384382592847302e-05
                    184   -0.000204990243076471
                    198  -1.481344650686124e-05
                    199  -0.0003434611735996574
                    201   2.513476942324702e-05
                    202  -0.0004698764249959111
                    204   6.182041864477824e-05
                    205   -0.000483865109371497
                    207   7.234011646436627e-05
                    208  -0.0004413517360458173
                    222  -2.294585169600942e-05
                    223   0.0008578736051239877
                    225  -4.019962512128339e-06
                    226   0.0006119202292777025
                    228   2.251834668666705e-05
                    229   0.0006486293221247613
                    231    5.62733381406436e-05
                    232   0.0005133926107560665
                    246  -1.842170312512108e-05
                    247   0.0009531285319281124
                    249  -1.487464318138706e-05
                    250   0.0009048480003040677
                    252   4.484217846853776e-06
                    253   0.0009252922073611895
                    255    2.32998595733268e-05
                    256   0.0006645285714563333
