                 #varID      adjointSensitivity
                    174  -3.719907661603765e-06
                    175  -0.0004957159806789977
                    177   1.887311138429261e-05
                    178   -0.000565163106580883
                    180   3.155634741633503e-05
                    181  -0.0003998473421495112
                    183   2.307309640335973e-05
                    184  -0.0002016290578379242
                    198  -1.293647398501537e-05
                    199  -0.0003343658113169232
                    201    2.35646672715387e-05
                    202  -0.0004479311690867314
                    204   5.753335846033972e-05
                    205  -0.0004666516924835318
                    207   6.959981409420522e-05
                    208  -0.0004368024674751431
                    222  -1.819148028381551e-05
                    223   0.0008146058228619443
                    225  -3.667040952557267e-06
                    226   0.0005513705365415887
                    228    1.92094504988968e-05
                    229   0.0006009302632151781
                    231   5.191585771386768e-05
                    232   0.0005077191191647837
                    246  -1.303129414733696e-05
                    247   0.0008971143482637534
                    249  -1.437748486427003e-05
                    250    0.000826118285003642
                    252   1.739763518159021e-06
                    253   0.0008618115295175937
                    255   1.974527546599479e-05
                    256    0.000652066145879251
