                 #varID      adjointSensitivity
                    174   -2.22860426883284e-06
                    175   -0.000478943881707527
                    177   1.798891253763262e-05
                    178  -0.0005372080936744851
                    180   2.887500082667622e-05
                    181  -0.0003833408973021317
                    183   2.235634180415285e-05
                    184   -0.000198175422478067
                    198  -1.128206698665694e-05
                    199  -0.0003255418270882511
                    201   2.210269698468684e-05
                    202  -0.0004273176831510995
                    204   5.359593457766488e-05
                    205  -0.0004498074670752597
                    207   6.689793079312311e-05
                    208   -0.000432483876714142
                    222   -1.43106129666731e-05
                    223   0.0007757860669956569
                    225  -3.455182889173288e-06
                    226   0.0004988872210093199
                    228   1.647793732158643e-05
                    229   0.0005570576209743683
                    231   4.769678191830231e-05
                    232   0.0004989472612929827
                    246  -8.601069734672146e-06
                    247   0.0008473968481992216
                    249  -1.407364198896367e-05
                    250   0.0007581436065487788
                    252  -4.038115093969285e-07
                    253    0.000803703159057258
                    255   1.648820709254806e-05
                    256   0.0006374357948452691
