                 #varID      adjointSensitivity
                    174   1.764510363220573e-05
                    175  -0.0007246533021370151
                    177   3.230079473830237e-05
                    178  -0.0007638292785048997
                    180   3.985921984060831e-05
                    181  -0.0005632318580520004
                    183   3.182444214876726e-05
                    184  -0.0003202550619194453
                    198    1.44605670593205e-07
                    199  -0.0005464408015107512
                    201   3.384526083407549e-05
                    202  -0.0006226244074005762
                    204   7.367295327279891e-05
                    205  -0.0007016201886207555
                    207   9.049843035500302e-05
                    208  -0.0007668363844765528
                    222  -1.755004849719136e-06
                    223   0.0009536104761466322
                    225  -3.337402141109758e-06
                    226   0.0006322715702848445
                    228   1.959662756105014e-05
                    229   0.0006630931023642345
                    231   5.925732445609199e-05
                    232   0.0006179155152772838
                    246   1.441625487356567e-05
                    247    0.001054860336027226
                    249  -1.436565886405627e-05
                    250   0.0009788104621434133
                    252  -4.555411036470485e-06
                    253    0.001012372999084854
                    255   1.607859233696724e-05
                    256   0.0008562610705261562
