                 #varID      adjointSensitivity
                    174   2.909638929111198e-05
                    175  -0.0006324457818644241
                    177   2.721753246382927e-05
                    178  -0.0006380364110344518
                    180   2.609929069106307e-05
                    181  -0.0004790090292967394
                    183   2.643396699478652e-05
                    184  -0.0002932906944275285
                    198   9.654454215811447e-06
                    199  -0.0004832746562750091
                    201   2.627219762955479e-05
                    202  -0.0005106345551699162
                    204   5.489355125108699e-05
                    205  -0.0005869858682016319
                    207   6.720371321023801e-05
                    208  -0.0007152058561553037
                    222   1.387070027686409e-05
                    223   0.0008280791233992936
                    225  -3.609929302475804e-06
                    226   0.0004858250148957236
                    228   9.060163243910507e-06
                    229   0.0005341743428553021
                    231   3.156852126598089e-05
                    232   0.0005686369837679925
                    246   3.060234833108079e-05
                    247   0.0008991081198200341
                    249   -1.46199274560251e-05
                    250   0.0007871059417416983
                    252    -1.2203171455395e-05
                    253   0.0008351334925905359
                    255  -7.519699320203275e-08
                    256   0.0007865105049851938
