                 #varID      adjointSensitivity
                    174  -2.831513930954578e-05
                    175   -0.001056262231675573
                    177   5.119347705375863e-05
                    178   -0.001331787324649245
                    180   9.814048647940567e-05
                    181  -0.0008902220103901781
                    183    5.42604831172061e-05
                    184  -0.0003959032565945371
                    198  -5.200262374565733e-05
                    199   -0.000745160683320967
                    201   6.080645243016392e-05
                    202   -0.001072251533301884
                    204   0.0001622889796035676
                    205   -0.001088708657226641
                    207   0.0001630338477261453
                    208  -0.0009037401986685922
                    222  -0.0001129782046305416
                    223     0.00153556917119767
                    225  -1.042124810575419e-05
                    226    0.001431692445009357
                    228   9.508452277245521e-05
                    229    0.001125348786523917
                    231   0.0001411015074957786
                    232   0.0005851329252779393
                    246  -0.0001050176375317483
                    247     0.00182753447751153
                    249  -2.503217831217592e-05
                    250    0.002058156803298699
                    252    6.35605259085417e-05
                    253    0.001682780256456044
                    255   7.489204249821503e-05
                    256   0.0009147712706570393
