                 #varID      adjointSensitivity
                    174   2.085941051702524e-05
                    175  -0.0006993963914958875
                    177   3.090711131858374e-05
                    178  -0.0007280965357277188
                    180    3.59840467093466e-05
                    181  -0.0005398125536920041
                    183   3.027259765288337e-05
                    184  -0.0003131180356241671
                    198   2.988811593561663e-06
                    199  -0.0005294021199302697
                    201   3.178648942385128e-05
                    202  -0.0005913125686406622
                    204   6.823198500502544e-05
                    205  -0.0006705959421802803
                    207   8.417177650875758e-05
                    208  -0.0007535787852114806
                    222   3.107889740797988e-06
                    223   0.0009181680243618004
                    225  -3.307015994094965e-06
                    226   0.0005897628183288844
                    228   1.630311466533691e-05
                    229   0.0006271116135297103
                    231   5.168545982084074e-05
                    232   0.0006062728193195826
                    246   1.948518150414393e-05
                    247    0.001010313136624168
                    249  -1.428871594743528e-05
                    250   0.0009228545191518967
                    252  -7.035631183332993e-06
                    253   0.0009627265652950776
                    255   1.146219571701613e-05
                    256   0.0008387535723493327
