                 #varID      adjointSensitivity
                    174   2.656234179254104e-05
                    175  -0.0006534209930845118
                    177    2.83735525477821e-05
                    178  -0.0006655329063449021
                    180   2.913688782302197e-05
                    181  -0.0004978404849180822
                    183   2.758747242184286e-05
                    184  -0.0002996333428011486
                    198   7.706652024299038e-06
                    199  -0.0004978723473464137
                    201   2.801045017819742e-05
                    202  -0.0005355446749857372
                    204     5.8897909584602e-05
                    205   -0.000613387699925312
                    207   7.253744508864063e-05
                    208   -0.000727756863862266
                    222     1.0827248339287e-05
                    223   0.0008557343333703026
                    225  -3.456685830511294e-06
                    226   0.0005170889116566592
                    228   1.110373825397436e-05
                    229   0.0005628572588769991
                    231   3.785749353795542e-05
                    232   0.0005814182884155002
                    246    2.74760903835365e-05
                    247   0.0009329047363842644
                    249  -1.443459938267746e-05
                    250   0.0008277556686419516
                    252  -1.079014918910832e-05
                    253   0.0008744237864227319
                    255   3.413979148249394e-06
                    256   0.0008037120252697595
