                 #varID      adjointSensitivity
                    174   2.382382522690078e-05
                    175  -0.0006756984581859141
                    177   2.960088445241003e-05
                    178  -0.0006954510214916854
                    180   3.242162519471745e-05
                    181  -0.0005180648153600569
                    183   2.886374199608873e-05
                    184   -0.000306243153812749
                    198   5.496216437618495e-06
                    199  -0.0005132306515748977
                    201   2.984530877190363e-05
                    202   -0.000562366540141412
                    204      6.332674765056e-05
                    205  -0.0006412234490074961
                    207   7.818892472900149e-05
                    208  -0.0007405506342131767
                    222   7.267905977381695e-06
                    223   0.0008856634727253858
                    225  -3.351610728115421e-06
                    226   0.0005515695761906456
                    228   1.349723516860796e-05
                    229   0.0005937698086460994
                    231   4.455700047240009e-05
                    232   0.0005940254757196065
                    246    2.38011915205035e-05
                    247   0.0009698316618718295
                    249    -1.4318474923377e-05
                    250   0.0008727787539384241
                    252  -9.088340093351896e-06
                    253   0.0009168537125258469
                    255   7.250141664431244e-06
                    256   0.0008211732079172239
