                 #varID      adjointSensitivity
                    174   3.144477205206349e-05
                    175  -0.0006126643909101815
                    177   2.612656164925761e-05
                    178  -0.0006126968170110818
                    180   2.328216779602524e-05
                    181  -0.0004614548336131792
                    183   2.539398935641768e-05
                    184  -0.0002872165723608234
                    198   1.136934242739634e-05
                    199  -0.0004693879679888047
                    201   2.462214603953964e-05
                    202   -0.000487449238549681
                    204   5.126812505167728e-05
                    205  -0.0005619251813643591
                    207   6.217341375287494e-05
                    208  -0.0007029079061713461
                    222   1.646910333462587e-05
                    223   0.0008024443055376137
                    225  -3.800945507044875e-06
                    226   0.0004573663735511786
                    228   7.314469166427162e-06
                    229   0.0005075346507403607
                    231   2.566942663004388e-05
                    232   0.0005558219563823687
                    246   3.325698381231293e-05
                    247   0.0008680860411870118
                    249  -1.486003362626286e-05
                    250   0.0007502666864593333
                    252  -1.337792373830802e-05
                    253   0.0007987065922802725
                    255  -3.245685771753911e-06
                    256   0.0007696701567108077
