                 #varID      adjointSensitivity
                    174  -2.113341354927111e-05
                    175   -0.001006605650177728
                    177   4.827859100923961e-05
                    178   -0.001234044033176515
                    180   8.858950003729464e-05
                    181  -0.0008387769455234686
                    183   5.084007145705172e-05
                    184   -0.000386419623939982
                    198  -4.254593305689591e-05
                    199  -0.0007193270894568417
                    201    5.67214537091252e-05
                    202   -0.001001256789162439
                    204    0.000147289100411022
                    205   -0.001031746351785258
                    207   0.0001538236837127316
                    208  -0.0008852226551489049
                    222  -8.980345258230069e-05
                    223    0.001429266259312133
                    225   -8.77597541626288e-06
                    226     0.00127471520881134
                    228   7.984357090898411e-05
                    229     0.00106424466981332
                    231   0.0001325528548615784
                    232   0.0006173935959991084
                    246  -7.971515911202841e-05
                    247     0.00168166666688286
                    249  -2.251305258841045e-05
                    250    0.001842824607503842
                    252   4.866175199505214e-05
                    253    0.001587167252418498
                    255   6.793201162483834e-05
                    256   0.0009319274538906925
