                 #varID      adjointSensitivity
                    174  -1.460415566893226e-05
                    175  -0.0009610519573845788
                    177   4.562957522426182e-05
                    178   -0.001148608073137026
                    180   8.006902046885458e-05
                    181  -0.0007925023002372515
                    183   4.769253466445669e-05
                    184  -0.0003772543362551674
                    198  -3.436767755377133e-05
                    199  -0.0006941142089468234
                    201   5.299713715773899e-05
                    202  -0.0009370051829713739
                    204    0.000133997438216427
                    205  -0.0009796907337919906
                    207   0.0001447913050513465
                    208  -0.0008682359199583428
                    222  -7.085432066765462e-05
                    223    0.001339326097959192
                    225  -7.373088371937181e-06
                    226    0.001144848592661323
                    228   6.705795184769965e-05
                    229    0.001003602414996833
                    231   0.0001231319256089473
                    232   0.0006370959916146125
                    246  -5.917695465776818e-05
                    247     0.00155977029750998
                    249   -2.04084380572699e-05
                    250    0.001665887316749222
                    252   3.650159047146294e-05
                    253    0.001495881611327445
                    255   6.052128837137388e-05
                    256   0.0009381514976944104
