                 #varID      adjointSensitivity
                    174  -8.661970569181208e-06
                    175  -0.0009191314700784075
                    177   4.321577483731734e-05
                    178   -0.001073389930337582
                    180   7.243802744026932e-05
                    181  -0.0007505800865378213
                    183   4.479648167344878e-05
                    184  -0.0003683663335317368
                    198  -2.726447121794643e-05
                    199   -0.000669803472945478
                    201   4.958705455890397e-05
                    202  -0.0008787597476808222
                    204   0.0001221929562594288
                    205  -0.0009316309785677893
                    207   0.0001360134744897048
                    208   -0.000852286500909802
                    222  -5.519738467169521e-05
                    223    0.001262008788729542
                    225   -6.21798861882134e-06
                    226     0.00103580601628323
                    228   5.634136204257941e-05
                    229   0.0009451249729001753
                    231   0.0001133582726333589
                    232   0.0006476248485824961
                    246  -4.230997352712234e-05
                    247    0.001456120409193888
                    249  -1.869377848401046e-05
                    250    0.001518158857904825
                    252   2.659328248814344e-05
                    253     0.00141008042391895
                    255   5.308412453506269e-05
                    256   0.0009366333363652949
