                 #varID      adjointSensitivity
                    174  -3.246573211433657e-06
                    175  -0.0008804403853651273
                    177   4.100915409693676e-05
                    178   -0.001006747395367956
                    180   6.557940561114571e-05
                    181  -0.0007123891915558683
                    183   4.213435704462206e-05
                    184  -0.0003597327290699263
                    198  -2.107275959922902e-05
                    199  -0.0006465403414127404
                    201   4.645135065750757e-05
                    202  -0.0008258544360731837
                    204   0.0001116868578718046
                    205   -0.000886946553183528
                    207   0.0001275419289479701
                    208  -0.0008370617497544712
                    222  -4.214873516260255e-05
                    223    0.001194648379556649
                    225  -5.296807647485631e-06
                    226    0.000943066138281488
                    228   4.734906947829499e-05
                    229   0.0008896664195124287
                    231   0.0001035623326340821
                    232   0.0006514157942418932
                    246  -2.832782046135779e-05
                    247    0.001366717629416021
                    249  -1.733185891540938e-05
                    250    0.001393128493273966
                    252   1.851531184743956e-05
                    253    0.001330152025661124
                    255   4.586816134511922e-05
                    256   0.0009296333331506429
