                 #varID      adjointSensitivity
                    174   1.696544502777209e-06
                    175  -0.0008446271854783995
                    177   3.898427565663342e-05
                    178  -0.0009473655764212572
                    180   5.939383715540498e-05
                    181   -0.000677442801786928
                    183   3.969059550731836e-05
                    184   -0.000351344433831484
                    198  -1.565935429155996e-05
                    199  -0.0006243799166008631
                    201   4.355554666386405e-05
                    202  -0.0007776869353494707
                    204   0.0001023166001113249
                    205  -0.0008451873267237488
                    207   0.0001194090102767129
                    208   -0.000822359048533036
                    222  -3.119705821853487e-05
                    223    0.001135298746171728
                    225  -4.586529667002532e-06
                    226   0.0008633075375146769
                    228   3.978813207715463e-05
                    229   0.0008375970109930602
                    231   9.395247973796364e-05
                    232   0.0006502509452395648
                    246  -1.665012093569841e-05
                    247    0.001288687726988273
                    249  -1.628025463000672e-05
                    250    0.001286069105623826
                    252   1.191848537918495e-05
                    253    0.001256075233608218
                    255   3.901233228159877e-05
                    256   0.0009187781556732407
