                 #varID      adjointSensitivity
                    174   6.216244991086414e-06
                    175  -0.0008113873411758441
                    177   3.711889876544796e-05
                    178  -0.0008941802929609043
                    180    5.37966676606105e-05
                    181  -0.0006453497857746148
                    183    3.74508703691305e-05
                    184  -0.0003431995864491017
                    198  -1.091471613106872e-05
                    199  -0.0006033253463949583
                    201   4.087023524285052e-05
                    202  -0.0007337228782841103
                    204   9.394248590364633e-05
                    205  -0.0008060151947435648
                    207   0.0001116332540627394
                    208   -0.000808049740320906
                    222    -2.1952919365176e-05
                    223    0.001082508080187471
                    225  -4.060847904708263e-06
                    226   0.0007940425624896417
                    228   3.341522010943983e-05
                    229   0.0007890091237236301
                    231   8.465742268144871e-05
                    232   0.0006454492430196762
                    246  -6.838917608422736e-06
                    247    0.001219911921424733
                    249  -1.549618877495746e-05
                    250    0.001193473147111618
                    252   6.519351759443428e-06
                    253    0.001187615486487853
                    255   3.258804487498224e-05
                    256   0.0009052519408452918
