                 #varID      adjointSensitivity
                    174   1.035596017251743e-05
                    175  -0.0007804593472061849
                    177   3.539379125558849e-05
                    178  -0.0008463215013765703
                    180   4.871536628429566e-05
                    181  -0.0006157890561169308
                    183   3.540170004401919e-05
                    184  -0.0003353002031335685
                    198   -6.74789824541141e-06
                    199    -0.00058334877632062
                    201   3.837041941032366e-05
                    202  -0.0006934914967577457
                    204   8.644418252106052e-05
                    205  -0.0007691663705347879
                    207   0.0001042231016481903
                    208  -0.0007940542195675962
                    222  -1.411465095247071e-05
                    223    0.001035171220088301
                    225  -3.693444393535351e-06
                    226   0.0007333749428215467
                    228   2.803016074758122e-05
                    229   0.0007438374717330706
                    231   7.575316849907555e-05
                    232   0.0006379956746557325
                    246   1.442665635263424e-06
                    247    0.001158791872933703
                    249  -1.493934087278773e-05
                    250    0.001112686462585803
                    252   2.089872096268017e-06
                    253     0.00112443404064418
                    255   2.662467077866652e-05
                    256   0.0008899237956696746
