                 #varID      adjointSensitivity
                    174   1.415409276631964e-05
                    175  -0.0007516159605255861
                    177   3.379239706349948e-05
                    178  -0.0008030706045912545
                    180    4.40874896720493e-05
                    181  -0.0005884922434068443
                    183   3.353028211944018e-05
                    184   -0.000327650501855454
                    198  -3.082824165479307e-06
                    199    -0.00056440454410951
                    201   3.603478750095263e-05
                    202  -0.0006565789656406417
                    204   7.971766373001299e-05
                    205  -0.0007344269914963371
                    207   9.717955787886073e-05
                    208  -0.0007803247910637976
                    222  -7.445029617668799e-06
                    223   0.0009924308862433256
                    225  -3.459695309517734e-06
                    226   0.0006798359938701159
                    228   2.346881139725769e-05
                    229    0.000701930562702229
                    231   6.728060651727105e-05
                    232   0.0006286311982106552
                    246   8.458054702967124e-06
                    247    0.001104096556332146
                    249  -1.457322685931197e-05
                    250    0.001041665114368979
                    252  -1.552834782847138e-06
                    253    0.001066149566620685
                    255   2.112561646288458e-05
                    256   0.0008734351685282834
