                 #varID      adjointSensitivity
                    174  -0.0004900523327688811
                    175    -0.01417556044490818
                    177    0.000552473854515427
                    178    -0.01504282682272867
                    180   0.0009624452688292728
                    181   -0.009139316817662932
                    183   0.0004831561712770407
                    184   -0.003497528985742881
                    198  -0.0005427579377898959
                    199    -0.01359827169986757
                    201   0.0005989372386337559
                    202     -0.0137639262438393
                    204    0.001488241842106901
                    205    -0.01135648533890941
                    207    0.001335683926285663
                    208   -0.007108150506863344
                    222  -1.883516889520894e-05
                    223   -0.001171936558057275
                    225   0.0001384191479588929
                    226    0.003197566498214995
                    228   0.0007807696674887441
                    229     0.00610800952532862
                    231    0.001233272766138958
                    232    0.005778767209048808
                    246   6.224189571947211e-06
                    247    0.001485232426426347
                    249   2.615117214749545e-05
                    250    0.006894604350165627
                    252   0.0004850158809668888
                    253     0.01018402326847886
                    255   0.0006654122799268682
                    256    0.007816369278675402
