                 #varID      adjointSensitivity
                    174    0.000929709217937085
                    175    -0.01083430359823753
                    177    0.000439978538168161
                    178   -0.009991990038638352
                    180   0.0003057613223961831
                    181   -0.008075091927559664
                    183   6.319478189319074e-05
                    184    -0.00439375448514132
                    198   0.0009078209347244303
                    199    -0.01101123057089307
                    201   0.0004759672724540754
                    202   -0.009552967594554705
                    204   0.0004524471218090871
                    205    -0.01161537855709786
                    207   0.0002688381699596613
                    208    -0.01167835023950769
                    222   0.0002552432453045461
                    223  -0.0003588322809232656
                    225   0.0002147046426381044
                    226    0.001431027417401032
                    228    0.000271861224690761
                    229    0.001307055211373644
                    231   0.0004068536390112079
                    232    0.001408416450240092
                    246   6.453352459650716e-05
                    247    0.001916394649748943
                    249   0.0001258407707605742
                    250    0.003658993657748167
                    252   0.0002108181632270876
                    253    0.004575214458124203
                    255   0.0002118502560825702
                    256     0.00503740450221785
