                 #varID      adjointSensitivity
                    174   0.0007828629426355365
                    175    -0.01127956949093098
                    177   0.0004492923499469954
                    178    -0.01067003380348723
                    180   0.0003667613966565396
                    181   -0.008406305101297924
                    183   0.0001406000759844466
                    184   -0.004430972155436541
                    198   0.0007435111704743942
                    199    -0.01134329959966212
                    201   0.0004848294440025589
                    202     -0.0101445387396205
                    204   0.0005726193310963057
                    205    -0.01195431114660814
                    207   0.0004977271275255141
                    208    -0.01143556401107335
                    222   0.0002227481376639978
                    223  -0.0003832115715021327
                    225   0.0002153797108182642
                    226    0.001581000694724538
                    228   0.0003277899093410905
                    229    0.001586619797189728
                    231   0.0005307148440709508
                    232    0.001751016704067821
                    246   6.080447148613314e-05
                    247    0.001950357160788401
                    249   0.0001291646084833091
                    250     0.00397854933993413
                    252   0.0002335609848406535
                    253    0.004987299608661616
                    255   0.0002448234311267319
                    256    0.005249872079889356
