                 #varID      adjointSensitivity
                    174    0.000611665537381561
                    175    -0.01174391166897743
                    177   0.0004582022920133232
                    178    -0.01139010763686676
                    180   0.0004425065239013026
                    181   -0.008711325094646146
                    183   0.0002198968038613443
                    184   -0.004421209238551221
                    198   0.0005586022103904654
                    199    -0.01169007612407155
                    201    0.000494456092538379
                    202    -0.01076579351262963
                    204    0.000711312261326565
                    205    -0.01221566280392555
                    207   0.0007182940386545643
                    208    -0.01105392621938586
                    222   0.0001865136070620582
                    223  -0.0004223255689804157
                    225   0.0002141147724655313
                    226    0.001761086021201958
                    228   0.0003909573615310531
                    229    0.001960297522523626
                    231   0.0006549833089609684
                    232    0.002181582162201058
                    246    5.54965614042635e-05
                    247     0.00197148449367105
                    249   0.0001300445655288548
                    250     0.00434615291449473
                    252   0.0002604820284224903
                    253    0.005490111701478818
                    255   0.0002846626321813328
                    256    0.005508058114711833
