                 #varID      adjointSensitivity
                    174   0.0008592263387043804
                    175    -0.01105469757230848
                    177   0.0004447497866812995
                    178    -0.01032579993104157
                    180    0.000334528368599013
                    181   -0.008243025505022003
                    183   0.0001015000608109723
                    184   -0.004417541958862038
                    198   0.0008281832647833882
                    199     -0.0111756101060574
                    201   0.0004803764469217415
                    202   -0.009844940486954895
                    204    0.000510236730455755
                    205    -0.01179275515303171
                    207   0.0003838194676593361
                    208    -0.01157291136252347
                    222     0.00023945207714346
                    223  -0.0003696048482946156
                    225   0.0002152401097906985
                    226    0.001502645730601536
                    228   0.0002989554401737606
                    229    0.001436746645862332
                    231   0.0004686668539602675
                    232    0.001569717360282449
                    246   6.284561678870058e-05
                    247     0.00193454147617033
                    249   0.0001277325593011041
                    250    0.003813295522197137
                    252   0.0002217302076606357
                    253    0.004771485363292616
                    255   0.0002276084813133845
                    256    0.005138704127096783
