                 #varID      adjointSensitivity
                    174   0.0009945315963956084
                    175     -0.0106181776357054
                    177    0.000434894980063032
                    178   -0.009668436727115282
                    180   0.0002802165408487853
                    181   -0.007904056711891955
                    183   2.592873423213119e-05
                    184   -0.004360906060345399
                    198   0.0009825525651453986
                    199    -0.01084989190286514
                    201    0.000471492711289024
                    202   -0.009268707193401133
                    204   0.0003991335504137167
                    205    -0.01142523808012461
                    207   0.0001536493690821429
                    208    -0.01175463307175779
                    222   0.0002701478112744716
                    223  -0.0003502613119343334
                    225   0.0002138400509328262
                    226    0.001365458832071233
                    228   0.0002464342615447902
                    229    0.001194794614660206
                    231   0.0003454231619702819
                    232    0.001265311306371056
                    246   6.590474532526492e-05
                    247    0.001896569524262362
                    249   0.0001236006658059778
                    250     0.00351470981684185
                    252   0.0002007227543253868
                    253     0.00439596881126267
                    255   0.0001973441751871249
                    256    0.004944689408704642
