                 #varID      adjointSensitivity
                    174   0.0007004077779747422
                    175    -0.01150917840298307
                    177   0.0004537250405870781
                    178    -0.01102478765730451
                    180   0.0004026880164232229
                    181   -0.008563110785683925
                    183   0.0001801897895430295
                    184   -0.004432674668511246
                    198   0.0006536859728568179
                    199    -0.01151463849219141
                    201   0.0004894650852032849
                    202    -0.01045158165779557
                    204   0.0006396515343391381
                    205    -0.01209657898079695
                    207   0.0006095822674975717
                    208    -0.01126350416679394
                    222    0.000205108199573664
                    223  -0.0004004575204029131
                    225   0.0002150394934839885
                    226     0.00166685647462076
                    228    0.000358434596193571
                    229    0.001759882015446179
                    231   0.0005928591663959737
                    232    0.001954265496514538
                    246    5.83687094997576e-05
                    247    0.001963014449485208
                    249    0.000129994637289855
                    250    0.004155785786873438
                    252   0.0002464304256956222
                    253    0.005225649448170937
                    255   0.0002637416652793236
                    256    0.005372406649576685
