                 #varID      adjointSensitivity
                    174  -0.0003405320678668677
                    175    -0.01386644420754688
                    177   0.0005321220470580596
                    178    -0.01462180280467646
                    180   0.0008966795375678683
                    181   -0.009220021174027804
                    183   0.0004716881639810394
                    184   -0.003686418582262474
                    198  -0.0003985387127651087
                    199    -0.01333946038452176
                    201   0.0005784510801498387
                    202     -0.0134363480769208
                    204    0.001402344963496929
                    205    -0.01170452878522425
                    207    0.001315987397767643
                    208    -0.00774639074215532
                    222   5.852198807908054e-06
                    223  -0.0009959580060052444
                    225     0.00015838504470885
                    226    0.002965552100812732
                    228   0.0007274427063027049
                    229    0.005306225695937371
                    231    0.001161257095619525
                    232    0.005196103160338602
                    246   1.327436094105707e-05
                    247     0.00163762590136094
                    249   5.638852664079748e-05
                    250    0.006518654007937334
                    252   0.0004459738227967752
                    253    0.009319660638037325
                    255    0.000592857888627178
                    256    0.007408947838431504
