                 #varID      adjointSensitivity
                    174    -0.00019753509988184
                    175    -0.01357031035278987
                    177   0.0005152862952302771
                    178    -0.01419972837908441
                    180   0.0008303829661377554
                    181   -0.009258171411919909
                    183   0.0004536688484187028
                    184   -0.003852041804715527
                    198  -0.0002596812614371835
                    199    -0.01309739592301378
                    201   0.0005608000711625615
                    202    -0.01310143799016987
                    204    0.001312620181251267
                    205    -0.01197086349040758
                    207    0.001280942154679199
                    208   -0.008333569442810379
                    222   3.069606099742584e-05
                    223  -0.0008559401147422274
                    225   0.0001737657035743714
                    226    0.002756206867681181
                    228   0.0006770457062003326
                    229    0.004627500714522257
                    231    0.001093444796345611
                    232    0.004670369428257599
                    246   2.029997713027349e-05
                    247     0.00175099821862034
                    249   7.903819224080013e-05
                    250    0.006168615899579828
                    252   0.0004119811090144835
                    253    0.008579770690882949
                    255   0.0005318161670430531
                    256    0.007053325472892151
