                 #varID      adjointSensitivity
                    174  -6.128272960169174e-05
                    175    -0.01328507409345491
                    177   0.0005015720547712857
                    178    -0.01377900284540914
                    180   0.0007651999686891107
                    181   -0.009258477947973432
                    183   0.0004300594382636569
                    184   -0.003994751980486441
                    198  -0.0001262553480383256
                    199    -0.01286916410562018
                    201   0.0005458062399532468
                    202    -0.01276245744215614
                    204    0.001221190155150507
                    205     -0.0121644741755296
                    207    0.001231758837905816
                    208   -0.008869373817630031
                    222   5.526208418260841e-05
                    223  -0.0007445077840446792
                    225   0.0001855547929533673
                    226     0.00256744708430661
                    228   0.0006293156276030916
                    229    0.004050289427385883
                    231    0.001028408610239066
                    232    0.004195768573723852
                    246   2.699374210142871e-05
                    247    0.001833759513015191
                    249   9.584078100456769e-05
                    250    0.005844144274681951
                    252    0.000382179890012709
                    253    0.007942772007386439
                    255   0.0004799619330225652
                    256     0.00674224296078641
