                 #varID      adjointSensitivity
                    174   6.808663298446291e-05
                    175    -0.01300935757497358
                    177   0.0004904945196888568
                    178    -0.01336198658407866
                    180   0.0007023185765727884
                    181   -0.009225633504338705
                    183   0.0004018007929099238
                    184   -0.004115190074760714
                    198   1.679969070793482e-06
                    199    -0.01265249919275467
                    201   0.0005331944022188847
                    202    -0.01242215673056225
                    204    0.001129777328360684
                    205    -0.01229356812557286
                    207    0.001169773736757474
                    208   -0.009354036366964052
                    222   7.926712609749947e-05
                    223  -0.0006558574480926442
                    225   0.0001945291822822023
                    226    0.002397190484610666
                    228   0.0005840600706693878
                    229    0.003557497134924781
                    231   0.0009650818106429471
                    232    0.003767293584902196
                    246   3.319011683658793e-05
                    247    0.001892460363760611
                    249   0.0001081204725769253
                    250    0.005543930067193149
                    252   0.0003558764169946979
                    253    0.007390930715454113
                    255   0.0004355058506167645
                    256    0.006469250308054809
