                 #varID      adjointSensitivity
                    174   0.0001905118512514413
                    175    -0.01274215850871622
                    177   0.0004815506670803628
                    178    -0.01295072086904562
                    180   0.0006425638765268464
                    181   -0.009164151114507678
                    183   0.0003697912006643671
                    184   -0.004214253177004925
                    198   0.0001240880664404056
                    199    -0.01244559949967691
                    201    0.000522641400244944
                    202    -0.01208280028979546
                    204    0.001039755684707016
                    205    -0.01236570008114389
                    207    0.001096408810711386
                    208    -0.00978833616213003
                    222    0.000102529618919823
                    223  -0.0005853930465794569
                    225   0.0002012918916002918
                    226    0.002243479484604868
                    228   0.0005411385581633112
                    229    0.003135427202836775
                    231   0.0009027016145250117
                    232    0.003380600837688978
                    246   3.881167909906477e-05
                    247    0.001932237221464512
                    249   0.0001168899887739197
                    250     0.00526627630776716
                    252   0.0003325096996344762
                    253     0.00690984237463975
                    255    0.000397058018303831
                    256    0.006228788609084351
