                 #varID      adjointSensitivity
                    174   0.0003059993979341765
                    175    -0.01248265657942689
                    177   0.0004742568079795762
                    178    -0.01254684323998459
                    180   0.0005864739630235806
                    181   -0.009078265867861098
                    183   0.0003348691778106934
                    184   -0.004293054228463914
                    198   0.0002409583581157016
                    199     -0.0122470072654096
                    201   0.0005138093522257732
                    202    -0.01174621301736613
                    204    0.000952196193379846
                    205    -0.01238783582316628
                    207    0.001013129086145687
                    208    -0.01017356220555753
                    222   0.0001249367792300862
                    223  -0.0005294562424575116
                    225   0.0002063095876132701
                    226    0.002104528025305191
                    228   0.0005004456814542862
                    229    0.002772989014950276
                    231   0.0008407519197535582
                    232    0.003031885859183391
                    246   4.383523342176064e-05
                    247    0.001957138491947109
                    249   0.0001229283394533819
                    250    0.005009382411498941
                    252   0.0003116248848178287
                    253    0.006487839449677667
                    255   0.0003635286855472952
                    256    0.006016132631947232
