                 #varID      adjointSensitivity
                    174   0.0004146119407262352
                    175    -0.01223016864251671
                    177   0.0004681733071386872
                    178    -0.01215158789334735
                    180   0.0005343621184505725
                    181    -0.00897187411249218
                    183   0.0002978012907964678
                    184   -0.004352870982448812
                    198   0.0003523057463129029
                    199     -0.0120555292469232
                    201   0.0005063680840535693
                    202    -0.01141383193240521
                    204   0.0008679084187105574
                    205    -0.01236638063911685
                    207   0.0009214021795489353
                    208    -0.01051144487905908
                    222   0.0001464225075404555
                    223  -0.0004851223146091223
                    225   0.0002099432743997735
                    226    0.001978733646636518
                    228   0.0004618978008809913
                    229    0.002461109931700805
                    231   0.0007789111212325252
                    232    0.002717779958770071
                    246   4.827014617939714e-05
                    247    0.001970369136643368
                    249   0.0001268381764728765
                    250    0.004771484184818113
                    252   0.0002928516661041634
                    253     0.00611545612955181
                    255   0.0003340557394939832
                    256    0.005827287551651079
