                 #varID      adjointSensitivity
                    174   0.0005164554987614129
                    175    -0.01198411341858012
                    177   0.0004629265276643537
                    178    -0.01176582980931562
                    180   0.0004863692822685172
                    181   -0.008848508394139901
                    183    0.000259275279192484
                    184   -0.004395100892872753
                    198    0.000458167850590281
                    199    -0.01187016121715507
                    201   0.0005000095942612624
                    202    -0.01108675232131751
                    204   0.0007874801012142177
                    205    -0.01230720745684261
                    207   0.0008226649674942907
                    208    -0.01080409815752518
                    222   0.0001669523940037074
                    223  -0.0004500416981399391
                    225   0.0002124725924808144
                    226    0.001864673002374903
                    228   0.0004254236147633651
                    229    0.002192294287511594
                    231   0.0007170079053771967
                    232     0.00243525867024015
                    246   5.214455449102868e-05
                    247    0.001974475385690842
                    249   0.0001290881925358838
                    250    0.004550919262030698
                    252   0.0002758871052066963
                    253    0.005784983393772683
                    255   0.0003079513897060639
                    256    0.005658879923129597
