#    J                     JCycle                
1    0.04061355268661505   0.05279761849259957   
2    0.04042586829711449   0.05255362878624883   
3    0.04025766713031443   0.05233496726940876   
4    0.04010620585577361   0.0521380676125057    
5    0.03996926756364039   0.0519600478327325    
6    0.03984503042717125   0.05179853955532262   
7    0.03973198071305224   0.05165157492696792   
8    0.0396288403658832    0.05151749247564816   
9    0.0395345240054721    0.05139488120711373   
10   0.03944810113045302   0.05128253146958893   
11   0.03936875718739406   0.05117938434361229   
12   0.03929578112047242   0.05108451545661415   
13   0.03922855393028736   0.05099712010937357   
14   0.03916652592221865   0.05091648369888425   
15   0.03910920877886695   0.05084197141252703   
