#    J                     JCycle                
1    -0.05392943884115931  -0.01617883165234779  
2    -0.0555345901774307   -0.01666037705322921  
3    -0.05703149978165727  -0.01710944993449718  
4    -0.0584375987215846   -0.01753127961647538  
5    -0.05976572019085282  -0.01792971605725584  
6    -0.06102550493537406  -0.01830765148061222  
7    -0.06222436438013445  -0.01866730931404034  
8    -0.06336811399952635  -0.0190104341998579   
9    -0.06446143666592015  -0.01933843099977604  
10   -0.06550817713894755  -0.01965245314168427  
11   -0.06651153832536497  -0.01995346149760949  
12   -0.06747426133388587  -0.02024227840016576  
13   -0.06839874149036479  -0.02051962244710944  
14   -0.06928709135837162  -0.02078612740751148  
15   -0.07014120807412312  -0.02104236242223693  
