   #     weightedObjective                  lift                  drag 
   1   0.03661878684025178  -0.01617883165234779   0.05279761849259957 
   2   0.03589325173301963  -0.01666037705322921   0.05255362878624883 
   3   0.03522551733491158  -0.01710944993449718   0.05233496726940876 
   4   0.03460678799603031  -0.01753127961647538    0.0521380676125057 
   5   0.03403033177547666  -0.01792971605725584    0.0519600478327325 
   6    0.0334908880747104  -0.01830765148061222   0.05179853955532262 
   7   0.03298426561292758  -0.01866730931404034   0.05165157492696792 
   8   0.03250705827579026   -0.0190104341998579   0.05151749247564816 
   9   0.03205645020733768  -0.01933843099977604   0.05139488120711373 
  10   0.03163007832790467  -0.01965245314168427   0.05128253146958893 
  11    0.0312259228460028  -0.01995346149760949   0.05117938434361229 
  12   0.03084223705644839  -0.02024227840016576   0.05108451545661415 
  13   0.03047749766226414  -0.02051962244710944   0.05099712010937357 
  14   0.03013035629137276  -0.02078612740751148   0.05091648369888425 
  15    0.0297996089902901  -0.02104236242223693   0.05084197141252703 
