               #Cycle       LineSearchIters          CycleCPUcost  CyclePrimalSolutions CycleAdjointSolutions          TotalCPUcost  TotalPrimalSolutions TotalAdjointSolutions
                    2                     1                 97.83                     1                     1                 97.83                     2                     2
                    3                     1     63.89999999999999                     1                     1                161.73                     3                     3
                    4                     1     63.13000000000002                     1                     1                224.86                     4                     4
                    5                     1     61.78999999999996                     1                     1                286.65                     5                     5
                    6                     1                 61.37                     1                     1                348.02                     6                     6
                    7                     1     60.32999999999998                     1                     1                408.39                     7                     7
                    8                     1     59.90999999999997                     1                     1                468.27                     8                     8
                    9                     1     59.10000000000002                     1                     1                527.37                     9                     9
                   10                     1     58.68999999999994                     1                     1     586.0599999999999                    10                    10
                   11                     1     57.58000000000004                     1                     1     643.6900000000001                    11                    11
                   12                     1     56.04999999999995                     1                     1     699.6799999999999                    12                    12
                   13                     1     56.16000000000008                     1                     1                755.84                    13                    13
                   14                     1     55.40999999999997                     1                     1                811.25                    14                    14
                   15                     1     55.33000000000004                     1                     1                866.63                    15                    15
