               #Cycle       LineSearchIters          CycleCPUcost  CyclePrimalSolutions CycleAdjointSolutions          TotalCPUcost  TotalPrimalSolutions TotalAdjointSolutions
                    2                     1                 53.31                     1                     1                 53.31                     2                     2
                    3                     1                 34.63                     1                     1                 87.91                     3                     3
                    4                     1                 34.25                     1                     1                122.17                     4                     4
                    5                     1                 33.56                     1                     1                155.72                     5                     5
                    6                     1                 33.25                     1                     1                188.97                     6                     6
                    7                     1     32.90000000000001                     1                     1                221.87                     7                     7
                    8                     1                 32.62                     1                     1                254.49                     8                     8
                    9                     1     32.06999999999999                     1                     1                286.56                     9                     9
                   10                     1     31.79000000000002                     1                     1                318.35                    10                    10
                   11                     1     31.48000000000002                     1                     1                349.86                    11                    11
                   12                     1     31.32999999999998                     1                     1                381.18                    12                    12
                   13                     1     30.76999999999998                     1                     1                412.12                    13                    13
                   14                     1     30.48000000000002                     1                     1                442.37                    14                    14
                   15                     1     30.26999999999998                     1                     1                472.64                    15                    15
