#    J                     JCycle                
1    0.02520962593822874   0.02520962593822874   
2    0.02506491753251131   0.02506491753251131   
3    0.02494385343983603   0.02494385343983603   
4    0.02484068236503776   0.02484068236503776   
5    0.02475155279413506   0.02475155279413506   
6    0.02467374160174408   0.02467374160174408   
7    0.02460523993406769   0.02460523993406769   
8    0.02454451518316047   0.02454451518316047   
9    0.02449036734229776   0.02449036734229776   
10   0.02444183712835511   0.02444183712835511   
11   0.0243981449709825    0.0243981449709825    
12   0.02435864869079619   0.02435864869079619   
13   0.02432281379687752   0.02432281379687752   
14   0.02429019132092701   0.02429019132092701   
15   0.02426040030017946   0.02426040030017946   
