#    J                     JCycle                
1    -0.2660386392544571   -0.2660386392544571   
2    -0.2690701271341626   -0.2690701271341626   
3    -0.2712162597170813   -0.2712162597170813   
4    -0.2725369242213452   -0.2725369242213452   
5    -0.273310294011851    -0.273310294011851    
6    -0.2737522369997443   -0.2737522369997443   
7    -0.2740076412919314   -0.2740076412919314   
8    -0.2741617288024865   -0.2741617288024865   
9    -0.2742621526119122   -0.2742621526119122   
10   -0.2743320898570965   -0.2743320898570965   
11   -0.2743854635397421   -0.2743854635397421   
12   -0.2744283967466055   -0.2744283967466055   
13   -0.2744649355874331   -0.2744649355874331   
14   -0.2744961183707785   -0.2744961183707785   
15   -0.2745271950586768   -0.2745271950586768   
16   -0.2745643949750334   -0.2745643949750334   
17   -0.2745988985525637   -0.2745988985525637   
18   -0.2746306609245073   -0.2746306609245073   
19   -0.2746611927893545   -0.2746611927893545   
20   -0.2746912206848908   -0.2746912206848908   
21   -0.2747209129880658   -0.2747209129880658   
22   -0.2747503151779642   -0.2747503151779642   
23   -0.2747794851577093   -0.2747794851577093   
24   -0.2748084439931155   -0.2748084439931155   
25   -0.2748371792013225   -0.2748371792013225   
26   -0.2748657331103484   -0.2748657331103484   
27   -0.2748941003420281   -0.2748941003420281   
28   -0.2749222902476669   -0.2749222902476669   
29   -0.2749502915051015   -0.2749502915051015   
30   -0.2749781180371239   -0.2749781180371239   
31   -0.275005780400314    -0.275005780400314    
32   -0.2750332716093391   -0.2750332716093391   
33   -0.2750605812054589   -0.2750605812054589   
34   -0.2750877279188756   -0.2750877279188756   
35   -0.2751147077293958   -0.2751147077293958   
