#    VInit                 0.01037504956222167  
#    J                     JCycle                
1    0                     0                     
2    -1.135497330043805e-07 -1.135497330043805e-07 
3    -1.542835121734149e-07 -1.542835121734149e-07 
4    -1.631752487435251e-07 -1.631752487435251e-07 
5    -1.634487911746523e-07 -1.634487911746523e-07 
6    -1.613259458766989e-07 -1.613259458766989e-07 
7    -1.584927237571129e-07 -1.584927237571129e-07 
8    -1.554615912838312e-07 -1.554615912838312e-07 
9    -1.523910724992845e-07 -1.523910724992845e-07 
10   -1.493418484931941e-07 -1.493418484931941e-07 
11   -1.463428268938741e-07 -1.463428268938741e-07 
12   -1.434065757337696e-07 -1.434065757337696e-07 
13   -1.405378483833011e-07 -1.405378483833011e-07 
14   -1.377361964081421e-07 -1.377361964081421e-07 
15   -1.350009130477041e-07 -1.350009130477041e-07 
