#    J                     JCycle                
1    -0.05392943884115931  -0.05392943884115931  
2    -0.05541058829207963  -0.05541058829207963  
3    -0.05683496405488864  -0.05683496405488864  
4    -0.05821017558915464  -0.05821017558915464  
5    -0.05954147998917769  -0.05954147998917769  
6    -0.06083247130462439  -0.06083247130462439  
7    -0.06208557952146961  -0.06208557952146961  
8    -0.06330243124155849  -0.06330243124155849  
9    -0.06448411896108773  -0.06448411896108773  
10   -0.06563136260159119  -0.06563136260159119  
11   -0.06674463167153735  -0.06674463167153735  
12   -0.06782428895578789  -0.06782428895578789  
13   -0.06887063314638327  -0.06887063314638327  
14   -0.06988394787224214  -0.06988394787224214  
15   -0.07086455375060781  -0.07086455375060781  
