#    VInit                 0.01037504956222167  
#    J                     JCycle                
1    0                     0                     
2    -1.198888921026186e-08 -1.198888921026186e-08 
3    -1.643128480451017e-08 -1.643128480451017e-08 
4    -2.086774407798028e-08 -2.086774407798028e-08 
5    -2.369512217199625e-08 -2.369512217199625e-08 
6    -2.465685880652596e-08 -2.465685880652596e-08 
7    -2.414638688485306e-08 -2.414638688485306e-08 
8    -2.271698324104866e-08 -2.271698324104866e-08 
9    -2.084390516204763e-08 -2.084390516204763e-08 
10   -1.885466486913463e-08 -1.885466486913463e-08 
11   -1.694487871191905e-08 -1.694487871191905e-08 
12   -1.52128379102351e-08 -1.52128379102351e-08 
13   -1.369510273620315e-08 -1.369510273620315e-08 
14   -1.239453668209582e-08 -1.239453668209582e-08 
15   -1.129858258356306e-08 -1.129858258356306e-08 
