               #Cycle       LineSearchIters          CycleCPUcost  CyclePrimalSolutions CycleAdjointSolutions          TotalCPUcost  TotalPrimalSolutions TotalAdjointSolutions
                    2                     1                 52.19                     1                     1                 52.19                     2                     2
                    3                     1                 37.41                     1                     1     89.59999999999999                     3                     3
                    4                     1     32.03999999999999                     1                     1                121.66                     4                     4
                    5                     1                 31.11                     1                     1                152.75                     5                     5
                    6                     1     30.63999999999999                     1                     1                183.41                     6                     6
                    7                     1     30.84999999999999                     1                     1                214.26                     7                     7
                    8                     1     30.19999999999999                     1                     1                244.51                     8                     8
                    9                     1     30.11000000000001                     1                     1                274.62                     9                     9
                   10                     1     30.00999999999999                     1                     1                304.63                    10                    10
                   11                     1     30.06999999999999                     1                     1                334.61                    11                    11
                   12                     1     29.74000000000001                     1                     1                364.35                    12                    12
                   13                     1     29.72000000000003                     1                     1                394.12                    13                    13
                   14                     1     29.25999999999999                     1                     1                 423.4                    14                    14
                   15                     1                 28.81                     1                     1                452.19                    15                    15
