#    J                     JCycle                
1    0.04061355268661505   0.04061355268661505   
2    0.04045397582084687   0.04045397582084687   
3    0.04030933639614506   0.04030933639614506   
4    0.04017782766543945   0.04017782766543945   
5    0.04005796560812794   0.04005796560812794   
6    0.03994850708390651   0.03994850708390651   
7    0.03984839629542734   0.03984839629542734   
8    0.03975672149731155   0.03975672149731155   
9    0.0396726913699624    0.0396726913699624    
10   0.03959560861319864   0.03959560861319864   
11   0.03952484408375889   0.03952484408375889   
12   0.03945983780411154   0.03945983780411154   
13   0.03940008939596674   0.03940008939596674   
14   0.03934514176229256   0.03934514176229256   
15   0.03929457879708936   0.03929457879708936   
