#    J                     JCycle                
1    -0.05392943884115931  -0.03235766330469558  
2    -0.05546718074248028  -0.03328030844548817  
3    -0.05692691397784349  -0.03415614838670609  
4    -0.05831990796175422  -0.03499194477705253  
5    -0.05965431179110665  -0.03579258707466399  
6    -0.06093608989305803  -0.03656165393583482  
7    -0.06216968111957343  -0.03730180867174406  
8    -0.06335844901347794  -0.03801506940808676  
9    -0.06450501757669631  -0.03870301054601779  
10   -0.06561147463111849  -0.0393668847786711   
11   -0.06667951415747043  -0.04000770849448226  
12   -0.06771058760956838  -0.04062635256574103  
13   -0.06870597217223914  -0.04122358330334348  
14   -0.06966681902144134  -0.0418000914128648   
15   -0.07059420034293896  -0.04235652020576338  
