   #     weightedObjective                  lift                  drag 
   1  0.008255889381919471  -0.03235766330469558   0.04061355268661505 
   2  0.007173667375358697  -0.03328030844548817   0.04045397582084687 
   3   0.00615318800943896  -0.03415614838670609   0.04030933639614506 
   4  0.005185882888386915  -0.03499194477705253   0.04017782766543945 
   5  0.004265378533463954  -0.03579258707466399   0.04005796560812794 
   6  0.003386853148071696  -0.03656165393583482   0.03994850708390651 
   7  0.002546587623683282  -0.03730180867174406   0.03984839629542734 
   8  0.001741652089224791  -0.03801506940808676   0.03975672149731155 
   9 0.0009696808239446145  -0.03870301054601779    0.0396726913699624 
  10 0.0002287238345275444   -0.0393668847786711   0.03959560861319864 
  11 -0.0004828644107233646  -0.04000770849448226   0.03952484408375889 
  12 -0.001166514761629489  -0.04062635256574103   0.03945983780411154 
  13 -0.001823493907376739  -0.04122358330334348   0.03940008939596674 
  14 -0.002454949650572247   -0.0418000914128648   0.03934514176229256 
  15 -0.003061941408674024  -0.04235652020576338   0.03929457879708936 
