               #Cycle       LineSearchIters          CycleCPUcost  CyclePrimalSolutions CycleAdjointSolutions          TotalCPUcost  TotalPrimalSolutions TotalAdjointSolutions
                    2                     1                 32.17                     1                     1                 32.17                     2                     2
                    3                     1                  24.1                     1                     1                 56.27                     3                     3
                    4                     1                 23.57                     1                     1                 79.84                     4                     4
                    5                     1                 22.97                     1                     1                102.89                     5                     5
                    6                     1                 22.77                     1                     1                125.57                     6                     6
                    7                     1     22.77000000000001                     1                     1                148.43                     7                     7
                    8                     1     22.42000000000002                     1                     1                170.77                     8                     8
                    9                     1                 22.38                     1                     1                193.15                     9                     9
                   10                     1     23.24000000000001                     1                     1                 216.5                    10                    10
                   11                     1     22.51999999999998                     1                     1                238.92                    11                    11
                   12                     1     22.03999999999999                     1                     1                260.96                    12                    12
                   13                     1     22.22000000000003                     1                     1                283.18                    13                    13
                   14                     1     22.40999999999997                     1                     1                305.59                    14                    14
                   15                     1     21.85000000000002                     1                     1                327.47                    15                    15
