#varID                   total                 dxdbVol                dxdbSurf                    dSdb                    dndb              dxdbDirect                    dVdb                distance                 options                    dvdb
   174   0.0007871207126847722   0.0001395264276086943                       0   0.0006475942850760779                       0                       0                       0                       0                       0                       0 
   175    -0.01439309782547273      -0.014913291824666                       0   0.0005201939991932715                       0                       0                       0                       0                       0                       0 
   177   0.0008367754810267002    0.000648558401441733                       0   0.0001882170795849672                       0                       0                       0                       0                       0                       0 
   178    -0.01449043715570613    -0.01461515718827367                       0   0.0001247200325675381                       0                       0                       0                       0                       0                       0 
   180   0.0007683117532059581   0.0007372385551193229                       0   3.107319808663521e-05                       0                       0                       0                       0                       0                       0 
   181    -0.01149997943986278    -0.01158414448262854                       0   8.416504276575936e-05                       0                       0                       0                       0                       0                       0 
   183   0.0003002304858879353   0.0003982133679361595                       0  -9.798288204822425e-05                       0                       0                       0                       0                       0                       0 
   184   -0.006311880615215619   -0.006289214738147828                       0  -2.266587706779069e-05                       0                       0                       0                       0                       0                       0 
   198   0.0007226652194966788   0.0005971131223377374                       0   0.0001255520971589413                       0                       0                       0                       0                       0                       0 
   199    -0.01394164347115612    -0.01453388223249954                       0    0.000592238761343416                       0                       0                       0                       0                       0                       0 
   201   0.0008673193668495072   0.0009353856279246952                       0  -6.806626107518787e-05                       0                       0                       0                       0                       0                       0 
   202    -0.01378465992418063    -0.01392574954672859                       0   0.0001410896225479545                       0                       0                       0                       0                       0                       0 
   204    0.001126683629835663    0.001301312494632815                       0  -0.0001746288647971524                       0                       0                       0                       0                       0                       0 
   205     -0.0164383692899116    -0.01651816173649837                       0   7.979244658676212e-05                       0                       0                       0                       0                       0                       0 
   207   0.0009072879496285159    0.001572699506503715                       0  -0.0006654115568751995                       0                       0                       0                       0                       0                       0 
   208    -0.01717438011971613      -0.017062351120697                       0  -0.0001120289990191256                       0                       0                       0                       0                       0                       0 
   222   0.0001574648747051832    0.002474623559642849                       0   -0.002317158684937665                       0                       0                       0                       0                       0                       0 
   223    0.001739588369467597    0.001376883279110077                       0   0.0003627050903575198                       0                       0                       0                       0                       0                       0 
   225   0.0002476583184324161    0.002096170241092985                       0   -0.001848511922660569                       0                       0                       0                       0                       0                       0 
   226    0.002865620043826599    0.002803594603929652                       0   6.202543989694681e-05                       0                       0                       0                       0                       0                       0 
   228   0.0004252258134223709    0.001756263286773029                       0   -0.001331037473350659                       0                       0                       0                       0                       0                       0 
   229    0.002847744552464539    0.002896764527947828                       0  -4.901997548328974e-05                       0                       0                       0                       0                       0                       0 
   231   0.0007495135735380717    0.002031744764358516                       0   -0.001282231190820444                       0                       0                       0                       0                       0                       0 
   232    0.001932536584218543    0.002004627442670585                       0  -7.209085845204238e-05                       0                       0                       0                       0                       0                       0 
   246  -6.332768492168768e-05    0.002469417673621003                       0   -0.002532745358542691                       0                       0                       0                       0                       0                       0 
   247    0.004899407754611106    0.004636688404637187                       0   0.0002627193499739196                       0                       0                       0                       0                       0                       0 
   249   4.882774298310645e-05    0.002393021374305986                       0    -0.00234419363132288                       0                       0                       0                       0                       0                       0 
   250    0.006166814675384448     0.00612586841573266                       0    4.09462596517881e-05                       0                       0                       0                       0                       0                       0 
   252   0.0002681325138212548    0.001827042786377928                       0   -0.001558910272556673                       0                       0                       0                       0                       0                       0 
   253    0.007191524463594164    0.007261204789776647                       0  -6.968032618248326e-05                       0                       0                       0                       0                       0                       0 
   255   0.0003321838131018311    0.001255860318251607                       0  -0.0009236765051497755                       0                       0                       0                       0                       0                       0 
   256    0.007293642956457562    0.007328564288572791                       0  -3.492133211522855e-05                       0                       0                       0                       0                       0                       0 
