#varID                   total                 dxdbVol                dxdbSurf                    dSdb                    dndb              dxdbDirect                    dVdb                distance                 options                    dvdb
   174    0.003351456189090359                       0                       0  -0.0001246253959176887                       0    0.003476081585008047                       0                       0                       0                       0 
   175     -0.1722281307952091                       0                       0    -0.06319073710549994                       0     -0.1090373936897091                       0                       0                       0                       0 
   177     0.01090126219263303                       0                       0    0.004174343519502541                       0    0.006726918673130492                       0                       0                       0                       0 
   178     -0.1884857325746023                       0                       0    -0.06895892188551686                       0     -0.1195268106890855                       0                       0                       0                       0 
   180     0.01383319235103365                       0                       0    0.006351737223577457                       0    0.007481455127456199                       0                       0                       0                       0 
   181      -0.160201798609444                       0                       0    -0.05849396403845152                       0     -0.1017078345709925                       0                       0                       0                       0 
   183     0.00974586459358715                       0                       0    0.004259460201833421                       0    0.005486404391753729                       0                       0                       0                       0 
   184    -0.09144498802251401                       0                       0    -0.03346544477159218                       0    -0.05797954325092183                       0                       0                       0                       0 
   198   0.0007501582936992185                       0                       0  -0.0001946036298854523                       0   0.0009447619235846709                       0                       0                       0                       0 
   199     -0.0587343558103231                       0                       0    -0.02154890706917781                       0    -0.03718544874114529                       0                       0                       0                       0 
   201    0.004944273210515766                       0                       0    0.001971701433622255                       0    0.002972571776893511                       0                       0                       0                       0 
   202    -0.07581791061737762                       0                       0    -0.02773244418168565                       0    -0.04808546643569197                       0                       0                       0                       0 
   204     0.01185182784862567                       0                       0    0.005381622950825969                       0    0.006470204897799699                       0                       0                       0                       0 
   205     -0.1197932059610746                       0                       0    -0.04376613816938808                       0    -0.07602706779168654                       0                       0                       0                       0 
   207      0.0185591763732545                       0                       0    0.007627293214683503                       0       0.010931883158571                       0                       0                       0                       0 
   208     -0.1431441006888931                       0                       0    -0.05248961352684103                       0    -0.09065448716205209                       0                       0                       0                       0 
   222   -0.003431134918700944                       0                       0     -0.0011188251718587                       0   -0.002312309746842245                       0                       0                       0                       0 
   223     0.05156139328720788                       0                       0     0.01892325176191766                       0     0.03263814152529022                       0                       0                       0                       0 
   225    0.001394433517664369                       0                       0   0.0003152241042174216                       0    0.001079209413446947                       0                       0                       0                       0 
   226     0.04853121724536454                       0                       0     0.01765697592654423                       0     0.03087424131882031                       0                       0                       0                       0 
   228    0.004927997003933412                       0                       0    0.002196900565395701                       0    0.002731096438537711                       0                       0                       0                       0 
   229     0.04772763304298217                       0                       0     0.01733411300960657                       0      0.0303935200333756                       0                       0                       0                       0 
   231     0.01576429045857888                       0                       0    0.005674276508549045                       0     0.01009001395002983                       0                       0                       0                       0 
   232     0.04389781589792649                       0                       0     0.01611497787862422                       0     0.02778283801930227                       0                       0                       0                       0 
   246   -0.008974746055320386                       0                       0   -0.002950862928327112                       0   -0.006023883126993273                       0                       0                       0                       0 
   247      0.1707725357992825                       0                       0     0.06262855231376124                       0      0.1081439834855212                       0                       0                       0                       0 
   249    0.003800222372501346                       0                       0   0.0005522197258967026                       0    0.003248002646604643                       0                       0                       0                       0 
   250      0.1893846832899305                       0                       0      0.0689293413663042                       0      0.1204553419236263                       0                       0                       0                       0 
   252    0.007232185562908496                       0                       0    0.003388555947763233                       0    0.003843629615145263                       0                       0                       0                       0 
   253      0.1904800480177844                       0                       0     0.06924507817425095                       0      0.1212349698435334                       0                       0                       0                       0 
   255     0.01649426567092988                       0                       0    0.005963435382968083                       0     0.01053083028796179                       0                       0                       0                       0 
   256      0.1623742952208381                       0                       0     0.05949051964910768                       0      0.1028837755717304                       0                       0                       0                       0 
