#varID                   total                 dxdbVol                dxdbSurf                    dSdb                    dndb              dxdbDirect                    dVdb                distance                 options                    dvdb
   174    0.000889157716099648    3.96271260573482e-05                       0   0.0008495305900422998                       0                       0                       0                       0                       0                       0 
   175    -0.01412394028558899    -0.01466707075389257                       0   0.0005431304683035811                       0                       0                       0                       0                       0                       0 
   177   0.0008294246184363738   0.0005694016328459282                       0   0.0002600229855904456                       0                       0                       0                       0                       0                       0 
   178    -0.01392790110733658    -0.01403240185033707                       0   0.0001045007430004878                       0                       0                       0                       0                       0                       0 
   180    0.000720249571069396   0.0007071518669888981                       0   1.309770408049787e-05                       0                       0                       0                       0                       0                       0 
   181    -0.01116706397994927     -0.0112347120601622                       0   6.764808021293013e-05                       0                       0                       0                       0                       0                       0 
   183   0.0002388821243325806   0.0003814451339888925                       0  -0.0001425630096563119                       0                       0                       0                       0                       0                       0 
   184    -0.00624179767156225   -0.006202923581197226                       0  -3.887409036502369e-05                       0                       0                       0                       0                       0                       0 
   198   0.0008353670431585985   0.0005176633118788299                       0   0.0003177037312797687                       0                       0                       0                       0                       0                       0 
   199    -0.01377113936432573    -0.01439165759430645                       0   0.0006205182299807224                       0                       0                       0                       0                       0                       0 
   201   0.0008609175422568432   0.0008673649426247114                       0    -6.4474003678682e-06                       0                       0                       0                       0                       0                       0 
   202    -0.01330907742063335    -0.01343083202753197                       0   0.0001217546068986172                       0                       0                       0                       0                       0                       0 
   204    0.001029124844359103     0.00125060466776158                       0  -0.0002214798234024769                       0                       0                       0                       0                       0                       0 
   205    -0.01605724128468974    -0.01610778615189213                       0   5.054486720239235e-05                       0                       0                       0                       0                       0                       0 
   207   0.0007185040669968416    0.001546220740389345                       0  -0.0008277166733925029                       0                       0                       0                       0                       0                       0 
   208    -0.01724601780227881    -0.01708228326614645                       0  -0.0001637345361323597                       0                       0                       0                       0                       0                       0 
   222   0.0001798862269191313    0.002513042139050584                       0   -0.002333155912131453                       0                       0                       0                       0                       0                       0 
   223    0.001656928192878706    0.001288205642739805                       0   0.0003687225501389015                       0                       0                       0                       0                       0                       0 
   225   0.0002446572472428114    0.002101270287283262                       0    -0.00185661304004045                       0                       0                       0                       0                       0                       0 
   226     0.00260395941822378     0.00255044157208746                       0   5.351784613632001e-05                       0                       0                       0                       0                       0                       0 
   228   0.0003792692718836018    0.001723010004932353                       0   -0.001343740733048751                       0                       0                       0                       0                       0                       0 
   229    0.002555654893945737    0.002618764547981254                       0  -6.310965403551716e-05                       0                       0                       0                       0                       0                       0 
   231    0.000651816620875103    0.001992661786898001                       0   -0.001340845166022898                       0                       0                       0                       0                       0                       0 
   232    0.001734153426024615    0.001830822598946383                       0  -9.666917292176776e-05                       0                       0                       0                       0                       0                       0 
   246  -6.587493806483767e-05    0.002516105338460848                       0   -0.002581980276525686                       0                       0                       0                       0                       0                       0 
   247    0.004744740466015599    0.004482271619220872                       0   0.0002624688467947271                       0                       0                       0                       0                       0                       0 
   249   4.292268616879098e-05    0.002407337017597574                       0   -0.002364414331428783                       0                       0                       0                       0                       0                       0 
   250    0.005704960204988757    0.005671578586171769                       0   3.338161881698789e-05                       0                       0                       0                       0                       0                       0 
   252   0.0002534818497472733     0.00180943991401515                       0   -0.001555958064267877                       0                       0                       0                       0                       0                       0 
   253    0.006706804248157103    0.006783922676848055                       0  -7.711842869095245e-05                       0                       0                       0                       0                       0                       0 
   255   0.0003008278272729811    0.001214086543489695                       0  -0.0009132587162167137                       0                       0                       0                       0                       0                       0 
   256    0.007105124738324507    0.007145540371646149                       0  -4.041563332164236e-05                       0                       0                       0                       0                       0                       0 
