#varID                   total                 dxdbVol                dxdbSurf                    dSdb                    dndb              dxdbDirect                    dVdb                distance                 options                    dvdb
   174    0.002602436962783394                       0                       0  -0.0002265840687245683                       0    0.002829021031507962                       0                       0                       0                       0 
   175     -0.1722193873258821                       0                       0     -0.0631933441860052                       0     -0.1090260431398769                       0                       0                       0                       0 
   177     0.01070467220030466                       0                       0    0.004148226762140222                       0    0.006556445438164434                       0                       0                       0                       0 
   178      -0.188279391822355                       0                       0    -0.06894219793337354                       0     -0.1193371938889815                       0                       0                       0                       0 
   180     0.01389216171965735                       0                       0    0.006360358601543746                       0    0.007531803118113604                       0                       0                       0                       0 
   181     -0.1600281409753927                       0                       0    -0.05847886780183181                       0     -0.1015492731735609                       0                       0                       0                       0 
   183     0.01012913923782811                       0                       0    0.004311606936088753                       0    0.005817532301739356                       0                       0                       0                       0 
   184    -0.09142164005200357                       0                       0    -0.03346180367549636                       0    -0.05795983637650721                       0                       0                       0                       0 
   198   0.0004907063141589797                       0                       0  -0.0002298961755391537                       0   0.0007206024896981335                       0                       0                       0                       0 
   199    -0.05873007390650677                       0                       0    -0.02154952658152113                       0    -0.03718054732498564                       0                       0                       0                       0 
   201    0.004861949972180829                       0                       0    0.001960805628387331                       0    0.002901144343793498                       0                       0                       0                       0 
   202    -0.07573607088561783                       0                       0    -0.02772572863388437                       0    -0.04801034225173346                       0                       0                       0                       0 
   204     0.01205191306381935                       0                       0    0.005409175050982339                       0    0.006642738012837008                       0                       0                       0                       0 
   205     -0.1196985010954556                       0                       0    -0.04375712015717859                       0    -0.07594138093827704                       0                       0                       0                       0 
   207     0.01933851061721162                       0                       0    0.007732875883311317                       0      0.0116056347339003                       0                       0                       0                       0 
   208     -0.1431678680593098                       0                       0    -0.05248684038856242                       0    -0.09068102767074737                       0                       0                       0                       0 
   222   -0.003212326455714735                       0                       0   -0.001088633359423793                       0   -0.002123693096290942                       0                       0                       0                       0 
   223     0.05159000871035576                       0                       0     0.01892828963525729                       0     0.03266171907509847                       0                       0                       0                       0 
   225    0.001347005099493656                       0                       0    0.000309228206847158                       0    0.001037776892646498                       0                       0                       0                       0 
   226     0.04840367721778248                       0                       0     0.01764706106078425                       0     0.03075661615699823                       0                       0                       0                       0 
   228    0.005039121597303869                       0                       0    0.002212052668848122                       0    0.002827068928455747                       0                       0                       0                       0 
   229     0.04757804434840757                       0                       0     0.01732307805781866                       0      0.0302549662905889                       0                       0                       0                       0 
   231     0.01569100185637615                       0                       0    0.005663643950344328                       0     0.01002735790603182                       0                       0                       0                       0 
   232     0.04394362096053673                       0                       0       0.016126561137484                       0     0.02781705982305273                       0                       0                       0                       0 
   246   -0.008322523918545172                       0                       0   -0.002860850324124404                       0   -0.005461673594420768                       0                       0                       0                       0 
   247      0.1708141914455159                       0                       0     0.06263966262657064                       0      0.1081745288189453                       0                       0                       0                       0 
   249    0.003613183094677467                       0                       0   0.0005283067423354359                       0    0.003084876352342031                       0                       0                       0                       0 
   250      0.1889061765189035                       0                       0     0.06889179964220729                       0      0.1200143768766962                       0                       0                       0                       0 
   252    0.007437086551133104                       0                       0    0.003416631833218307                       0    0.004020454717914798                       0                       0                       0                       0 
   253      0.1899539393352465                       0                       0     0.06920351614464888                       0      0.1207504231905976                       0                       0                       0                       0 
   255     0.01616247506670302                       0                       0    0.005917591719694505                       0     0.01024488334700852                       0                       0                       0                       0 
   256      0.1623804844784707                       0                       0     0.05950048480736179                       0      0.1028799996711089                       0                       0                       0                       0 
