#varID                   total                 dxdbVol                dxdbSurf                    dSdb                    dndb              dxdbDirect                    dVdb                distance                 options                    dvdb
   174  -4.454351551706889e-06   0.0009615314797020659                       0  -0.0009659858312537728                       0                       0                       0                       0                       0                       0 
   175    -0.01595959855718943    -0.01626659958951353                       0   0.0003070010323240984                       0                       0                       0                       0                       0                       0 
   177   0.0008470496593524625    0.001118292503575225                       0  -0.0002712428442227621                       0                       0                       0                       0                       0                       0 
   178    -0.01823418446100649    -0.01852801155477537                       0   0.0002938270937688773                       0                       0                       0                       0                       0                       0 
   180    0.001193575253128389   0.0008471407892647194                       0   0.0003464344638636701                       0                       0                       0                       0                       0                       0 
   181    -0.01332313157016425    -0.01357072227682311                       0   0.0002475907066588634                       0                       0                       0                       0                       0                       0 
   183   0.0006649575292362476   0.0004156717122581303                       0   0.0002492858169781172                       0                       0                       0                       0                       0                       0 
   184   -0.006179523004985485   -0.006264497369762391                       0   8.497436477690546e-05                       0                       0                       0                       0                       0                       0 
   198  -9.113909241343808e-05    0.001290659350591639                       0   -0.001381798443005077                       0                       0                       0                       0                       0                       0 
   199    -0.01495161679470851    -0.01529950668858499                       0   0.0003478898938764792                       0                       0                       0                       0                       0                       0 
   201   0.0008920381627356121    0.001318441708295277                       0  -0.0004264035455596645                       0                       0                       0                       0                       0                       0 
   202    -0.01680608815863506     -0.0171142026501448                       0   0.0003081144915097454                       0                       0                       0                       0                       0                       0 
   204    0.001881830627906806    0.001471949561703865                       0   0.0004098810662029411                       0                       0                       0                       0                       0                       0 
   205    -0.01792128128274561    -0.01826365698508613                       0   0.0003423757023405199                       0                       0                       0                       0                       0                       0 
   207    0.001887823730082467    0.001456027504789903                       0   0.0004317962252925643                       0                       0                       0                       0                       0                       0 
   208    -0.01510578542867746    -0.01530105393534702                       0   0.0001952685066695662                       0                       0                       0                       0                       0                       0 
   222  -2.152416664249123e-05    0.002126273640092745                       0   -0.002147797806735237                       0                       0                       0                       0                       0                       0 
   223    0.002135444934669556    0.001835200788707699                       0    0.000300244145961856                       0                       0                       0                       0                       0                       0 
   225   0.0002386878013959772    0.001936733319752629                       0   -0.001698045518356652                       0                       0                       0                       0                       0                       0 
   226    0.005786594376945568    0.005653095073185324                       0   0.0001334993037602441                       0                       0                       0                       0                       0                       0 
   228   0.0008310856601570608    0.002033675251283671                       0   -0.001202589591126611                       0                       0                       0                       0                       0                       0 
   229    0.006530380580198373    0.006450229268801318                       0   8.015131139705537e-05                       0                       0                       0                       0                       0                       0 
   231    0.001299898459153695    0.002248604537663643                       0  -0.0009487060785099474                       0                       0                       0                       0                       0                       0 
   232     0.00385920102066658    0.003783869505679068                       0   7.533151498751234e-05                       0                       0                       0                       0                       0                       0 
   246  -0.0001029401957507049    0.001987959710329907                       0   -0.002090899906080612                       0                       0                       0                       0                       0                       0 
   247    0.005838842375839373    0.005591025078226442                       0   0.0002478172976129306                       0                       0                       0                       0                       0                       0 
   249   6.369679004961971e-05    0.002163116757204255                       0   -0.002099419967154635                       0                       0                       0                       0                       0                       0 
   250     0.01081204116832947     0.01070880506238782                       0   0.0001032361059416465                       0                       0                       0                       0                       0                       0 
   252   0.0004867600132617436    0.002072992321854151                       0   -0.001586232308592408                       0                       0                       0                       0                       0                       0 
   253     0.01231966708786858      0.0123091290130567                       0   1.053807481187304e-05                       0                       0                       0                       0                       0                       0 
   255   0.0005986790550770171    0.001622426368690385                       0   -0.001023747313613368                       0                       0                       0                       0                       0                       0 
   256    0.008807696988328404     0.00879736071737176                       0   1.033627095664382e-05                       0                       0                       0                       0                       0                       0 
