#varID                   total                 dxdbVol                dxdbSurf                    dSdb                    dndb              dxdbDirect                    dVdb                distance                 options                    dvdb
   174  -0.0005029260061036427    0.001572997890905463                       0   -0.002075923897009106                       0                       0                       0                       0                       0                       0 
   175    -0.01677222011865485    -0.01691482917367059                       0    0.000142609055015742                       0                       0                       0                       0                       0                       0 
   177    0.000868536501390372    0.001336260054719943                       0  -0.0004677235533295707                       0                       0                       0                       0                       0                       0 
   178     -0.0203164426001445    -0.02074420663918193                       0   0.0004277640390374242                       0                       0                       0                       0                       0                       0 
   180    0.001478017203140614   0.0007704046992889816                       0   0.0007076125038516321                       0                       0                       0                       0                       0                       0 
   181    -0.01372200348344696     -0.0141022993870839                       0    0.000380295903636946                       0                       0                       0                       0                       0                       0 
   183   0.0007661921144938198   0.0003030416903317319                       0   0.0004631504241620879                       0                       0                       0                       0                       0                       0 
   184   -0.005489992982242876   -0.005622551141930433                       0   0.0001325581596875572                       0                       0                       0                       0                       0                       0 
   198  -0.0005724417188749844     0.00182069290916265                       0   -0.002393134628037635                       0                       0                       0                       0                       0                       0 
   199    -0.01559246127948211    -0.01576124688057503                       0   0.0001687856010929137                       0                       0                       0                       0                       0                       0 
   201   0.0009247970010927631    0.001452027371710991                       0  -0.0005272303706182279                       0                       0                       0                       0                       0                       0 
   202    -0.01823876523327404    -0.01868283059532462                       0   0.0004440653620505768                       0                       0                       0                       0                       0                       0 
   204    0.002310097168235497     0.00134094550929057                       0   0.0009691516589449272                       0                       0                       0                       0                       0                       0 
   205    -0.01726503126505417    -0.01779816498658611                       0   0.0005331337215319348                       0                       0                       0                       0                       0                       0 
   207    0.002068298297178515    0.001073747146079517                       0   0.0009945511510989977                       0                       0                       0                       0                       0                       0 
   208      -0.012581644425502     -0.0128919929921216                       0   0.0003103485666195929                       0                       0                       0                       0                       0                       0 
   222  -0.0001451514428240782    0.001806289127610714                       0   -0.001951440570434792                       0                       0                       0                       0                       0                       0 
   223    0.001793573979161566    0.001558901282915013                       0   0.0002346726962465529                       0                       0                       0                       0                       0                       0 
   225   0.0001653620404269713     0.00160742256322832                       0   -0.001442060522801349                       0                       0                       0                       0                       0                       0 
   226     0.00923424757130323    0.009045061350522944                       0   0.0001891862207802854                       0                       0                       0                       0                       0                       0 
   228    0.001201569801201667    0.002301011111460002                       0   -0.001099441310258334                       0                       0                       0                       0                       0                       0 
   229     0.01138089016867059     0.01118403253095455                       0   0.0001968576377160386                       0                       0                       0                       0                       0                       0 
   231    0.001486294714152911    0.002332373868226441                       0  -0.0008460791540735296                       0                       0                       0                       0                       0                       0 
   232    0.005169679917735826    0.005029364692021183                       0   0.0001403152257146427                       0                       0                       0                       0                       0                       0 
   246   -0.000205223427350471    0.001482019313949039                       0    -0.00168724274129951                       0                       0                       0                       0                       0                       0 
   247    0.005841614278204894    0.005631691226242581                       0   0.0002099230519623131                       0                       0                       0                       0                       0                       0 
   249  -1.507793753095571e-05    0.001746779531912826                       0   -0.001761857469443781                       0                       0                       0                       0                       0                       0 
   250     0.01573984748231736     0.01558896033038418                       0    0.000150887151933181                       0                       0                       0                       0                       0                       0 
   252   0.0008446211181290467    0.002450529811257542                       0   -0.001605908693128495                       0                       0                       0                       0                       0                       0 
   253     0.01832160384997946     0.01821557546768036                       0   0.0001060283822991009                       0                       0                       0                       0                       0                       0 
   255    0.000815880031758442    0.001939872389185919                       0   -0.001123992357427477                       0                       0                       0                       0                       0                       0 
   256    0.009793037059943593    0.009746200003326554                       0   4.683705661703844e-05                       0                       0                       0                       0                       0                       0 
