#varID                   total                 dxdbVol                dxdbSurf                    dSdb                    dndb              dxdbDirect                    dVdb                distance                 options                    dvdb
   174    0.005184601204783468                       0                       0   0.0001248453647702399                       0    0.005059755840013227                       0                       0                       0                       0 
   175     -0.1722017232231007                       0                       0     -0.0631771409222312                       0     -0.1090245823008695                       0                       0                       0                       0 
   177     0.01153383571470254                       0                       0    0.004259010724605059                       0    0.007274824990097483                       0                       0                       0                       0 
   178     -0.1889013476228049                       0                       0    -0.06899113022427424                       0     -0.1199102173985306                       0                       0                       0                       0 
   180     0.01396280102157189                       0                       0     0.00636788537558974                       0     0.00759491564598215                       0                       0                       0                       0 
   181     -0.1605789105196594                       0                       0    -0.05852604419225911                       0     -0.1020528663274003                       0                       0                       0                       0 
   183    0.008949616107209216                       0                       0    0.004150686069119408                       0    0.004798930038089808                       0                       0                       0                       0 
   184    -0.09151284910458796                       0                       0     -0.0334739278512339                       0    -0.05803892125335405                       0                       0                       0                       0 
   198    0.001372981121871044                       0                       0   -0.000109866938527339                       0    0.001482848060398383                       0                       0                       0                       0 
   199    -0.05872824444705786                       0                       0    -0.02154504942830712                       0    -0.03718319501875075                       0                       0                       0                       0 
   201    0.005221581621885799                       0                       0    0.002008728428686375                       0    0.003212853193199425                       0                       0                       0                       0 
   202    -0.07598516890428628                       0                       0    -0.02774573895142117                       0    -0.04823942995286511                       0                       0                       0                       0 
   204     0.01161305452317083                       0                       0    0.005348146216493475                       0    0.006264908306677358                       0                       0                       0                       0 
   205     -0.1200061361337288                       0                       0    -0.04378558221307105                       0    -0.07622055392065773                       0                       0                       0                       0 
   207     0.01667716914624002                       0                       0    0.007371003522489482                       0    0.009306165623750532                       0                       0                       0                       0 
   208     -0.1431318980336729                       0                       0     -0.0524974778366578                       0    -0.09063442019701513                       0                       0                       0                       0 
   222   -0.004070698308946792                       0                       0   -0.001206411210805982                       0   -0.002864287098140809                       0                       0                       0                       0 
   223     0.05148566946534837                       0                       0     0.01890732509963636                       0       0.032578344365712                       0                       0                       0                       0 
   225    0.001688757342878754                       0                       0   0.0003539081513153617                       0    0.001334849191563393                       0                       0                       0                       0 
   226     0.04878385927637889                       0                       0     0.01767470916506028                       0     0.03110915011131861                       0                       0                       0                       0 
   228    0.004995498967455077                       0                       0    0.002205744858608448                       0    0.002789754108846629                       0                       0                       0                       0 
   229     0.04805487077813166                       0                       0     0.01735830265375587                       0     0.03069656812437579                       0                       0                       0                       0 
   231     0.01582881992149606                       0                       0    0.005683954150562168                       0      0.0101448657709339                       0                       0                       0                       0 
   232     0.04380181620971172                       0                       0     0.01609038334098142                       0      0.0277114328687303                       0                       0                       0                       0 
   246    -0.01084481709921004                       0                       0   -0.003207207030095327                       0   -0.007637610069114707                       0                       0                       0                       0 
   247      0.1706230125773348                       0                       0      0.0625880140283836                       0      0.1080349985489512                       0                       0                       0                       0 
   249    0.004865247411017171                       0                       0   0.0006924396972777295                       0    0.004172807713739442                       0                       0                       0                       0 
   250      0.1903330378972466                       0                       0     0.06899712283162625                       0      0.1213359150656204                       0                       0                       0                       0 
   252    0.007732886262764674                       0                       0    0.003455540600900473                       0    0.004277345661864201                       0                       0                       0                       0 
   253        0.19163278795852                       0                       0     0.06933563876407792                       0      0.1222971491944421                       0                       0                       0                       0 
   255     0.01737313813849977                       0                       0    0.006084415399556097                       0     0.01128872273894367                       0                       0                       0                       0 
   256      0.1623887237231184                       0                       0     0.05947125879614342                       0      0.1029174649269749                       0                       0                       0                       0 
