#varID                   total                 dxdbVol                dxdbSurf                    dSdb                    dndb              dxdbDirect                    dVdb                distance                 options                    dvdb
   174   0.0009731606450021775                       0                       0  -0.0004485847563630389                       0    0.001421745401365216                       0                       0                       0                       0 
   175     -0.1722330377369334                       0                       0    -0.06319921910338655                       0     -0.1090338186335469                       0                       0                       0                       0 
   177     0.01058752535046379                       0                       0    0.004133047988267527                       0     0.00645447736219626                       0                       0                       0                       0 
   178     -0.1880316463301187                       0                       0      -0.068922218822248                       0     -0.1191094275078707                       0                       0                       0                       0 
   180     0.01484242575495627                       0                       0    0.006490657273166385                       0    0.008351768481789886                       0                       0                       0                       0 
   181     -0.1597542735373176                       0                       0    -0.05845362274409244                       0     -0.1013006507932252                       0                       0                       0                       0 
   183     0.01102462081369399                       0                       0    0.004433454587027548                       0    0.006591166226666442                       0                       0                       0                       0 
   184    -0.09135934036906199                       0                       0    -0.03345299484923009                       0    -0.05790634551983189                       0                       0                       0                       0 
   198  -7.572130402889337e-05                       0                       0  -0.0003070439210627238                       0   0.0002313226170338304                       0                       0                       0                       0 
   199    -0.05873283235108793                       0                       0    -0.02155106806173758                       0    -0.03718176428935035                       0                       0                       0                       0 
   201    0.004874183259892203                       0                       0    0.001962863137123269                       0    0.002911320122768934                       0                       0                       0                       0 
   202    -0.07563473436127466                       0                       0    -0.02771730483821191                       0    -0.04791742952306274                       0                       0                       0                       0 
   204     0.01299839449237941                       0                       0    0.005538544627732235                       0    0.007459849864647179                       0                       0                       0                       0 
   205      -0.119532323894666                       0                       0    -0.04374020903486796                       0    -0.07579211485979806                       0                       0                       0                       0 
   207     0.02069695641141536                       0                       0    0.007916882060211242                       0     0.01278007435120412                       0                       0                       0                       0 
   208      -0.143171115700739                       0                       0    -0.05247890256357406                       0    -0.09069221313716488                       0                       0                       0                       0 
   222   -0.002911478454534433                       0                       0   -0.001047179627054969                       0   -0.001864298827479463                       0                       0                       0                       0 
   223     0.05162687557012179                       0                       0      0.0189354757358555                       0     0.03269139983426629                       0                       0                       0                       0 
   225    0.001244820364368217                       0                       0   0.0002959115227157578                       0   0.0009489088416524589                       0                       0                       0                       0 
   226     0.04822174319192199                       0                       0     0.01763331711764766                       0     0.03058842607427433                       0                       0                       0                       0 
   228    0.005442346219989194                       0                       0    0.002267092260948485                       0     0.00317525395904071                       0                       0                       0                       0 
   229      0.0473676205934714                       0                       0     0.01730804678638083                       0     0.03005957380709057                       0                       0                       0                       0 
   231     0.01549175130698218                       0                       0    0.005635709812403267                       0    0.009856041494578915                       0                       0                       0                       0 
   232     0.04401470411384897                       0                       0     0.01614485142902586                       0     0.02786985268482312                       0                       0                       0                       0 
   246   -0.007451115186255753                       0                       0   -0.002740683583776191                       0   -0.004710431602479563                       0                       0                       0                       0 
   247      0.1708631447246757                       0                       0     0.06265561359552131                       0      0.1082075311291544                       0                       0                       0                       0 
   249     0.00314324861698622                       0                       0   0.0004663226140221305                       0     0.00267692600296409                       0                       0                       0                       0 
   250      0.1882272397984361                       0                       0      0.0688399147582225                       0      0.1193873250402136                       0                       0                       0                       0 
   252     0.00823908470856223                       0                       0      0.0035263333688032                       0    0.004712751339759031                       0                       0                       0                       0 
   253      0.1891982509569539                       0                       0     0.06914434519476148                       0      0.1200539057621924                       0                       0                       0                       0 
   255     0.01567753959605836                       0                       0    0.005851040807567257                       0    0.009826498788491103                       0                       0                       0                       0 
   256      0.1623865920180078                       0                       0     0.05951607349902885                       0      0.1028705185189789                       0                       0                       0                       0 
