#varID                   total                 dxdbVol                dxdbSurf                    dSdb                    dndb              dxdbDirect                    dVdb                distance                 options                    dvdb
   174   -0.001002412773417285                       0                       0  -0.0007179988731727521                       0  -0.0002844139002445327                       0                       0                       0                       0 
   175     -0.1723106227822211                       0                       0    -0.06320764654964639                       0     -0.1091029762325747                       0                       0                       0                       0 
   177     0.01098350859493485                       0                       0    0.004187273029352174                       0    0.006796235565582679                       0                       0                       0                       0 
   178     -0.1879462322884149                       0                       0    -0.06891364273897982                       0     -0.1190325895494351                       0                       0                       0                       0 
   180     0.01709141083349259                       0                       0    0.006797870537930182                       0      0.0102935402955624                       0                       0                       0                       0 
   181     -0.1594829984452386                       0                       0    -0.05842357907538175                       0     -0.1010594193698569                       0                       0                       0                       0 
   183     0.01203666733977395                       0                       0    0.004571443873351803                       0    0.007465223466422146                       0                       0                       0                       0 
   184    -0.09125778159729592                       0                       0    -0.03344019901250369                       0    -0.05781758258479223                       0                       0                       0                       0 
   198  -0.0007623950659690116                       0                       0  -0.0004006694714118818                       0  -0.0003617255945571298                       0                       0                       0                       0 
   199     -0.0587574716939424                       0                       0    -0.02155344965951734                       0    -0.03720402203442506                       0                       0                       0                       0 
   201    0.005197138366563517                       0                       0    0.002007049397328072                       0    0.003190088969235445                       0                       0                       0                       0 
   202    -0.07558879646577865                       0                       0    -0.02771229878070665                       0      -0.047876497685072                       0                       0                       0                       0 
   204     0.01473976216635771                       0                       0    0.005776333742216081                       0    0.008963428424141625                       0                       0                       0                       0 
   205      -0.119338590705675                       0                       0    -0.04371778378891773                       0    -0.07562080691675728                       0                       0                       0                       0 
   207     0.02170975435115871                       0                       0    0.008054430298521088                       0     0.01365532405263762                       0                       0                       0                       0 
   208     -0.1431217163156351                       0                       0     -0.0524690715916627                       0    -0.09065264472397241                       0                       0                       0                       0 
   222   -0.002803727051358815                       0                       0   -0.001032324604414535                       0    -0.00177140244694428                       0                       0                       0                       0 
   223     0.05165110699144054                       0                       0     0.01894092736935086                       0     0.03271017962208968                       0                       0                       0                       0 
   225    0.001014354659340525                       0                       0   0.0002648293196708905                       0   0.0007495253396696349                       0                       0                       0                       0 
   226     0.04810937081913982                       0                       0      0.0176255857830242                       0     0.03048378503611562                       0                       0                       0                       0 
   228    0.006111641706451189                       0                       0    0.002358556519751438                       0    0.003753085186699751                       0                       0                       0                       0 
   229     0.04723046878484682                       0                       0     0.01729822038456988                       0     0.02993224840027694                       0                       0                       0                       0 
   231     0.01527244295752372                       0                       0    0.005605519527549694                       0    0.009666923429974026                       0                       0                       0                       0 
   232     0.04406087902277138                       0                       0     0.01615648096377558                       0      0.0279043980589958                       0                       0                       0                       0 
   246   -0.007239681201535942                       0                       0   -0.002711295979703174                       0   -0.004528385221832768                       0                       0                       0                       0 
   247      0.1709036641963853                       0                       0     0.06266884736879549                       0      0.1082348168275897                       0                       0                       0                       0 
   249    0.002084488756883017                       0                       0   0.0003231276075885002                       0    0.001761361149294517                       0                       0                       0                       0 
   250      0.1878106583999034                       0                       0     0.06881038802142771                       0      0.1190002703784756                       0                       0                       0                       0 
   252    0.009594250642129938                       0                       0    0.003711715296642696                       0    0.005882535345487242                       0                       0                       0                       0 
   253      0.1886716574247005                       0                       0     0.06910139021525948                       0      0.1195702672094411                       0                       0                       0                       0 
   255     0.01559165017572423                       0                       0    0.005839398610110339                       0    0.009752251565613894                       0                       0                       0                       0 
   256      0.1623698154342965                       0                       0     0.05952406973030482                       0      0.1028457457039917                       0                       0                       0                       0 
