#varID                   total                 dxdbVol                dxdbSurf                    dSdb                    dndb              dxdbDirect                    dVdb                distance                 options                    dvdb
   174    0.006459410518932275                       0                       0   0.0002982158209532911                       0    0.006161194697978985                       0                       0                       0                       0 
   175     -0.1721328971631373                       0                       0    -0.06316147726492785                       0     -0.1089714198982095                       0                       0                       0                       0 
   177     0.01199615673970451                       0                       0    0.004321602859879517                       0    0.007674553879824996                       0                       0                       0                       0 
   178     -0.1889495422571476                       0                       0    -0.06899224425285655                       0      -0.119957298004291                       0                       0                       0                       0 
   180     0.01383140084662713                       0                       0    0.006349582174304149                       0     0.00748181867232298                       0                       0                       0                       0 
   181     -0.1606675759399238                       0                       0    -0.05853340084751692                       0     -0.1021341750924069                       0                       0                       0                       0 
   183    0.008385733705162692                       0                       0    0.004073484492446025                       0    0.004312249212716668                       0                       0                       0                       0 
   184    -0.09156001720168902                       0                       0    -0.03347862454578858                       0    -0.05808139265590044                       0                       0                       0                       0 
   198    0.001793113855440026                       0                       0  -5.264742616937004e-05                       0    0.001845761281609396                       0                       0                       0                       0 
   199    -0.05870536015279647                       0                       0    -0.02154041030829576                       0    -0.03716494984450072                       0                       0                       0                       0 
   201    0.005416082782384994                       0                       0    0.002034985737194461                       0    0.003381097045190532                       0                       0                       0                       0 
   202    -0.07600702469470266                       0                       0    -0.02774689907720165                       0    -0.04826012561750102                       0                       0                       0                       0 
   204     0.01133483277791196                       0                       0    0.005309825380176434                       0    0.006025007397735522                       0                       0                       0                       0 
   205     -0.1200699185725798                       0                       0    -0.04379129567576465                       0     -0.0762786228968151                       0                       0                       0                       0 
   207     0.01543178686597389                       0                       0    0.007200498142744945                       0     0.00823128872322894                       0                       0                       0                       0 
   208     -0.1431945083152389                       0                       0    -0.05250513953906913                       0    -0.09068936877616976                       0                       0                       0                       0 
   222   -0.004582219507012654                       0                       0   -0.001275020459912299                       0   -0.003307199047100356                       0                       0                       0                       0 
   223     0.05145486499895861                       0                       0     0.01889343923510605                       0     0.03256142576385256                       0                       0                       0                       0 
   225    0.002253549994718153                       0                       0   0.0004294705232790536                       0    0.001824079471439099                       0                       0                       0                       0 
   226     0.04882582707488892                       0                       0     0.01767206803075062                       0      0.0311537590441383                       0                       0                       0                       0 
   228    0.005422713893221236                       0                       0    0.002262932225026489                       0    0.003159781668194746                       0                       0                       0                       0 
   229     0.04813760289255048                       0                       0     0.01736338330717151                       0     0.03077421958537897                       0                       0                       0                       0 
   231     0.01564314433098673                       0                       0    0.005658350961478634                       0    0.009984793369508093                       0                       0                       0                       0 
   232     0.04377485848009807                       0                       0     0.01608444647888289                       0     0.02769041200121518                       0                       0                       0                       0 
   246    -0.01225315395850832                       0                       0   -0.003396430461205078                       0   -0.008856723497303237                       0                       0                       0                       0 
   247      0.1705330865643111                       0                       0     0.06254700336962171                       0      0.1079860831946894                       0                       0                       0                       0 
   249     0.00689411534187116                       0                       0   0.0009638248483864483                       0    0.005930290493484712                       0                       0                       0                       0 
   250      0.1904882185784531                       0                       0      0.0689887253206953                       0      0.1214994932577578                       0                       0                       0                       0 
   252    0.009425348258836327                       0                       0    0.003682854216130238                       0    0.005742494042706089                       0                       0                       0                       0 
   253      0.1919303193559256                       0                       0     0.06935489639356932                       0      0.1225754229623563                       0                       0                       0                       0 
   255     0.01776347099374155                       0                       0    0.006137383113889739                       0     0.01162608787985181                       0                       0                       0                       0 
   256      0.1624233886471107                       0                       0     0.05947027899449087                       0      0.1029531096526199                       0                       0                       0                       0 
