#varID                   total                 dxdbVol                dxdbSurf                    dSdb                    dndb              dxdbDirect                    dVdb                distance                 options                    dvdb
   174   0.0009829638684366124  -5.220101023990708e-05                       0    0.001035164878676519                       0                       0                       0                       0                       0                       0 
   175    -0.01385204080090718    -0.01441521406558548                       0   0.0005631732646782968                       0                       0                       0                       0                       0                       0 
   177   0.0008196557354730323   0.0004901242009818671                       0   0.0003295315344911652                       0                       0                       0                       0                       0                       0 
   178    -0.01338260333411597     -0.0134686325908067                       0   8.602925669072944e-05                       0                       0                       0                       0                       0                       0 
   180   0.0006775075029331187   0.0006757446441105242                       0    1.76285882259449e-06                       0                       0                       0                       0                       0                       0 
   181    -0.01083695929371498     -0.0108904079214153                       0   5.344862770031864e-05                       0                       0                       0                       0                       0                       0 
   183   0.0001796683367940051    0.000363126998983877                       0   -0.000183458662189872                       0                       0                       0                       0                       0                       0 
   184    -0.00615705432319904   -0.006102826461956815                       0  -5.422786124222452e-05                       0                       0                       0                       0                       0                       0 
   198   0.0009412041976846598   0.0004460256699542707                       0   0.0004951785277303891                       0                       0                       0                       0                       0                       0 
   199    -0.01359734641167756    -0.01424321115017549                       0    0.000645864738497928                       0                       0                       0                       0                       0                       0 
   201   0.0008530737084916234   0.0007989683158222165                       0    5.41053926694069e-05                       0                       0                       0                       0                       0                       0 
   202    -0.01284399107139918    -0.01294821355796348                       0   0.0001042224865642909                       0                       0                       0                       0                       0                       0 
   204   0.0009397046601126684    0.001197578354206422                       0  -0.0002578736940937535                       0                       0                       0                       0                       0                       0 
   205    -0.01566371917752679    -0.01568846250293385                       0   2.474332540706383e-05                       0                       0                       0                       0                       0                       0 
   207    0.000530306787241717    0.001512765165459327                       0  -0.0009824583782176103                       0                       0                       0                       0                       0                       0 
   208    -0.01726530274934578    -0.01705108877230712                       0  -0.0002142139770386583                       0                       0                       0                       0                       0                       0 
   222   0.0002006318067391466     0.00254808168472465                       0   -0.002347449877985504                       0                       0                       0                       0                       0                       0 
   223    0.001577908102689173    0.001203952204479832                       0    0.000373955898209341                       0                       0                       0                       0                       0                       0 
   225   0.0002412164851399953    0.002103676366474782                       0   -0.001862459881334787                       0                       0                       0                       0                       0                       0 
   226    0.002378505392420585    0.002332782580042044                       0   4.572281237854096e-05                       0                       0                       0                       0                       0                       0 
   228   0.0003375029980076331    0.001691975769036918                       0   -0.001354472771029285                       0                       0                       0                       0                       0                       0 
   229    0.002311369189797866    0.002387098625057748                       0  -7.572943525988265e-05                       0                       0                       0                       0                       0                       0 
   231   0.0005546557400707257    0.001953260599977391                       0   -0.001398604859906665                       0                       0                       0                       0                       0                       0 
   232    0.001563585977710858    0.001684454737302666                       0  -0.0001208687595918085                       0                       0                       0                       0                       0                       0 
   246  -6.963891290571967e-05    0.002557186580163757                       0   -0.002626825493069477                       0                       0                       0                       0                       0                       0 
   247     0.00459766844341491    0.004335774581621388                       0   0.0002618938617935216                       0                       0                       0                       0                       0                       0 
   249   3.709727215733989e-05    0.002418836174859367                       0   -0.002381738902702027                       0                       0                       0                       0                       0                       0 
   250    0.005295123284097712    0.005268722389355461                       0   2.640089474225067e-05                       0                       0                       0                       0                       0                       0 
   252   0.0002417110030762291    0.001795107437999566                       0   -0.001553396434923337                       0                       0                       0                       0                       0                       0 
   253    0.006278792177934381    0.006362424727372936                       0  -8.363254943855436e-05                       0                       0                       0                       0                       0                       0 
   255   0.0002718573647190674    0.001175772846027516                       0  -0.0009039154813084483                       0                       0                       0                       0                       0                       0 
   256    0.006929671835156118    0.006975206360938895                       0  -4.553452578277673e-05                       0                       0                       0                       0                       0                       0 
