#varID                   total                 dxdbVol                dxdbSurf                    dSdb                    dndb              dxdbDirect                    dVdb                distance                 options                    dvdb
   174  -0.0003308676905147011    0.001350590203005794                       0   -0.001681457893520495                       0                       0                       0                       0                       0                       0 
   175     -0.0164902274405925    -0.01669205458335827                       0   0.0002018271427657693                       0                       0                       0                       0                       0                       0 
   177   0.0008561484408730468    0.001267308888887386                       0  -0.0004111604480143388                       0                       0                       0                       0                       0                       0 
   178    -0.01961289344811656    -0.01999037875977863                       0   0.0003774853116620682                       0                       0                       0                       0                       0                       0 
   180    0.001382355031543056   0.0008148258643056682                       0    0.000567529167237388                       0                       0                       0                       0                       0                       0 
   181    -0.01366657001771787      -0.013998797508006                       0   0.0003322274902881262                       0                       0                       0                       0                       0                       0 
   183   0.0007454795798201381   0.0003548546642440974                       0   0.0003906249155760407                       0                       0                       0                       0                       0                       0 
   184   -0.005783913676884131   -0.005902271954891563                       0   0.0001183582780074323                       0                       0                       0                       0                       0                       0 
   198  -0.0004080447587773816    0.001628012339704777                       0   -0.002036057098482159                       0                       0                       0                       0                       0                       0 
   199     -0.0153505369286782    -0.01558351873221406                       0   0.0002329818035358649                       0                       0                       0                       0                       0                       0 
   201   0.0009098749389249415    0.001417551039450993                       0  -0.0005076761005260515                       0                       0                       0                       0                       0                       0 
   202    -0.01779267449994959    -0.01818563361579052                       0    0.000392959115840929                       0                       0                       0                       0                       0                       0 
   204     0.00217190819980142    0.001412543782907923                       0   0.0007593644168934973                       0                       0                       0                       0                       0                       0 
   205    -0.01767293469858882    -0.01813876612080486                       0   0.0004658314222160391                       0                       0                       0                       0                       0                       0 
   207    0.002047619640825287    0.001235327941810306                       0   0.0008122916990149815                       0                       0                       0                       0                       0                       0 
   208    -0.01354883702103143    -0.01382655171314348                       0    0.000277714692112048                       0                       0                       0                       0                       0                       0 
   222    -0.00010197172716245    0.001930106241522513                       0   -0.002032077968684963                       0                       0                       0                       0                       0                       0 
   223    0.002009120189756877    0.001748158883948275                       0   0.0002609613058086015                       0                       0                       0                       0                       0                       0 
   225   0.0002021709119601621    0.001757066716564752                       0    -0.00155489580460459                       0                       0                       0                       0                       0                       0 
   226    0.007806359582043333    0.007637813459547536                       0   0.0001685461224957973                       0                       0                       0                       0                       0                       0 
   228    0.001055156385425973    0.002191729125075875                       0   -0.001136572739649902                       0                       0                       0                       0                       0                       0 
   229    0.009336194065539878    0.009184730196356303                       0   0.0001514638691835743                       0                       0                       0                       0                       0                       0 
   231    0.001437834073050233    0.002308702975341736                       0  -0.0008708689022915027                       0                       0                       0                       0                       0                       0 
   232    0.004750200795665619    0.004630252359657134                       0   0.0001199484360084853                       0                       0                       0                       0                       0                       0 
   246  -0.0001606988045407215    0.001683994131703951                       0   -0.001844692936244672                       0                       0                       0                       0                       0                       0 
   247    0.005940658301452319    0.005713530950641695                       0   0.0002271273508106237                       0                       0                       0                       0                       0                       0 
   249   2.843778045132452e-05    0.001935675184590479                       0   -0.001907237404139154                       0                       0                       0                       0                       0                       0 
   250     0.01374804344781631     0.01361476347012703                       0   0.0001332799776892815                       0                       0                       0                       0                       0                       0 
   252   0.0006854182931433713    0.002284471688136477                       0   -0.001599053394993106                       0                       0                       0                       0                       0                       0 
   253     0.01583235275827385     0.01576610994658014                       0   6.624281169371218e-05                       0                       0                       0                       0                       0                       0 
   255   0.0007354668354027103    0.001819616315950672                       0   -0.001084149480547962                       0                       0                       0                       0                       0                       0 
   256    0.009469674135897487    0.009436506144588372                       0    3.31679913091157e-05                       0                       0                       0                       0                       0                       0 
