#varID                   total                 dxdbVol                dxdbSurf                    dSdb                    dndb              dxdbDirect                    dVdb                distance                 options                    dvdb
   174    0.003709801100201605                       0                       0  -7.585820220449964e-05                       0    0.003785659302406105                       0                       0                       0                       0 
   175     -0.1722312115417051                       0                       0     -0.0631891005510077                       0     -0.1090421109906974                       0                       0                       0                       0 
   177     0.01101637975486941                       0                       0    0.004189664849815009                       0    0.006826714905054398                       0                       0                       0                       0 
   178     -0.1885938923287757                       0                       0     -0.0689676347118862                       0     -0.1196262576168895                       0                       0                       0                       0 
   180     0.01386278065262337                       0                       0    0.006355434172471352                       0    0.007507346480152019                       0                       0                       0                       0 
   181     -0.1602921445358486                       0                       0    -0.05850170971199388                       0     -0.1017904348238547                       0                       0                       0                       0 
   183    0.009578499847191052                       0                       0    0.004236656245746854                       0    0.005341843601444198                       0                       0                       0                       0 
   184    -0.09145676147666633                       0                       0    -0.03346715852870546                       0    -0.05798960294796087                       0                       0                       0                       0 
   198   0.0008735478153980201                       0                       0  -0.0001778239168486128                       0    0.001051371732246633                       0                       0                       0                       0 
   199    -0.05873610166718903                       0                       0    -0.02154849181461408                       0    -0.03718760985257494                       0                       0                       0                       0 
   201    0.004995934481967514                       0                       0    0.001978564644680913                       0    0.003017369837286601                       0                       0                       0                       0 
   202    -0.07586091372266333                       0                       0    -0.02773595045995214                       0     -0.0481249632627112                       0                       0                       0                       0 
   204      0.0117990143922989                       0                       0    0.005374246141222299                       0      0.0064247682510766                       0                       0                       0                       0 
   205     -0.1198421396588563                       0                       0    -0.04377067446829569                       0    -0.07607146519056063                       0                       0                       0                       0 
   207      0.0181769249071729                       0                       0    0.007575425247658217                       0     0.01060149965951468                       0                       0                       0                       0 
   208      -0.143131932214881                       0                       0    -0.05249080156828993                       0     -0.0906411306465911                       0                       0                       0                       0 
   222   -0.003548596339181702                       0                       0   -0.001135022556144406                       0   -0.002413573783037296                       0                       0                       0                       0 
   223     0.05154537171649225                       0                       0     0.01892042599728726                       0     0.03262494571920499                       0                       0                       0                       0 
   225    0.001423528151993619                       0                       0   0.0003189281489100293                       0     0.00110460000308359                       0                       0                       0                       0 
   226     0.04859605492303957                       0                       0     0.01766198066463943                       0     0.03093407425840015                       0                       0                       0                       0 
   228    0.004898583497877646                       0                       0    0.002192882020588438                       0    0.002705701477289208                       0                       0                       0                       0 
   229     0.04780577673542989                       0                       0     0.01733993886675766                       0     0.03046583786867223                       0                       0                       0                       0 
   231     0.01579328179967412                       0                       0    0.005678549840695449                       0     0.01011473195897867                       0                       0                       0                       0 
   232     0.04387481333484541                       0                       0     0.01610919061442545                       0     0.02776562272041995                       0                       0                       0                       0 
   246   -0.009324752924432285                       0                       0   -0.002999139002618461                       0   -0.006325613921813823                       0                       0                       0                       0 
   247      0.1707463745929565                       0                       0     0.06262206527405757                       0      0.1081243093188989                       0                       0                       0                       0 
   249    0.003907978777490081                       0                       0   0.0005660227895156856                       0    0.003341955987974396                       0                       0                       0                       0 
   250      0.1896282724013426                       0                       0     0.06894832983958328                       0      0.1206799425617593                       0                       0                       0                       0 
   252    0.007194195650576571                       0                       0    0.003383290777566044                       0    0.003810904873010527                       0                       0                       0                       0 
   253      0.1907544204703859                       0                       0     0.06926683605766401                       0      0.1214875844127219                       0                       0                       0                       0 
   255     0.01666937754907043                       0                       0     0.00598766733988378                       0     0.01068171020918665                       0                       0                       0                       0 
   256      0.1623726797091469                       0                       0     0.05948563385989904                       0      0.1028870458492479                       0                       0                       0                       0 
