#varID                   total                 dxdbVol                dxdbSurf                    dSdb                    dndb              dxdbDirect                    dVdb                distance                 options                    dvdb
   174    0.001632505601392788                       0                       0  -0.0003587093181212643                       0    0.001991214919514052                       0                       0                       0                       0 
   175     -0.1722208468730438                       0                       0    -0.06319665079723602                       0     -0.1090241960758078                       0                       0                       0                       0 
   177     0.01058197140388351                       0                       0    0.004132067687685425                       0    0.006449903716198085                       0                       0                       0                       0 
   178     -0.1881018983567734                       0                       0     -0.0689278799280531                       0     -0.1191740184287202                       0                       0                       0                       0 
   180     0.01433025122662291                       0                       0    0.006420580134597648                       0    0.007909671092025262                       0                       0                       0                       0 
   181     -0.1598525318877751                       0                       0    -0.05846302682266628                       0     -0.1013895050651088                       0                       0                       0                       0 
   183     0.01066255210607966                       0                       0    0.004384163755049595                       0    0.006278388351030062                       0                       0                       0                       0 
   184    -0.09138727427593912                       0                       0    -0.03345674196268049                       0    -0.05793053231325864                       0                       0                       0                       0 
   198   0.0001535564970130991                       0                       0  -0.0002758009233942802                       0   0.0004293574204073793                       0                       0                       0                       0 
   199    -0.05872933515883277                       0                       0    -0.02155036516007614                       0    -0.03717896999875664                       0                       0                       0                       0 
   201    0.004837077101456739                       0                       0    0.001957689958558159                       0    0.002879387142898581                       0                       0                       0                       0 
   202    -0.07566457519526815                       0                       0    -0.02771983054707296                       0    -0.04794474464819518                       0                       0                       0                       0 
   204     0.01254163105674262                       0                       0    0.005476152834183422                       0    0.007065478222559199                       0                       0                       0                       0 
   205     -0.1195957231299809                       0                       0    -0.04374685503677407                       0    -0.07584886809320684                       0                       0                       0                       0 
   207     0.02021168243868368                       0                       0    0.007851115728101753                       0     0.01236056671058192                       0                       0                       0                       0 
   208     -0.1431775777403222                       0                       0    -0.05248230134646036                       0    -0.09069527639386182                       0                       0                       0                       0 
   222   -0.003004854195125444                       0                       0   -0.001060036696853963                       0   -0.001944817498271481                       0                       0                       0                       0 
   223     0.05161512602745945                       0                       0      0.0189330386786677                       0     0.03268208734879174                       0                       0                       0                       0 
   225    0.001289929445741531                       0                       0   0.0003018670712993977                       0   0.0009880623744421336                       0                       0                       0                       0 
   226      0.0482808963598378                       0                       0     0.01763767867914181                       0     0.03064321768069599                       0                       0                       0                       0 
   228      0.0052582196252002                       0                       0      0.0022419483979893                       0      0.0030162712272109                       0                       0                       0                       0 
   229     0.04743630791875665                       0                       0     0.01731288295454126                       0     0.03012342496421539                       0                       0                       0                       0 
   231     0.01557617499835576                       0                       0    0.005647437290000437                       0    0.009928737708355326                       0                       0                       0                       0 
   232     0.04399052370954072                       0                       0     0.01613861382963384                       0     0.02785190987990688                       0                       0                       0                       0 
   246   -0.007713557598579806                       0                       0   -0.002776868118055461                       0   -0.004936689480524344                       0                       0                       0                       0 
   247      0.1708472893480006                       0                       0     0.06265007538440651                       0      0.1081972139635941                       0                       0                       0                       0 
   249    0.003357888434451542                       0                       0   0.0004949245488690929                       0    0.002862963885582449                       0                       0                       0                       0 
   250      0.1884472970647765                       0                       0     0.06885636666461969                       0      0.1195909304001568                       0                       0                       0                       0 
   252    0.007869248718060988                       0                       0    0.003475749680043186                       0    0.004393499038017801                       0                       0                       0                       0 
   253      0.1894489978845113                       0                       0      0.0691639630126778                       0      0.1202850348718335                       0                       0                       0                       0 
   255     0.01583205533125574                       0                       0    0.005872177929560862                       0    0.009959877401694876                       0                       0                       0                       0 
   256      0.1623862027126758                       0                       0     0.05951086252125043                       0      0.1028753401914253                       0                       0                       0                       0 
