#varID                   total                 dxdbVol                dxdbSurf                    dSdb                    dndb              dxdbDirect                    dVdb                distance                 options                    dvdb
   174    0.001145816971223533  -0.0002156038068751058                       0    0.001361420778098638                       0                       0                       0                       0                       0                       0 
   175     -0.0132992863234949    -0.01389494083017953                       0   0.0005956545066846348                       0                       0                       0                       0                       0                       0 
   177   0.0007937799028596064   0.0003321982980481728                       0   0.0004615816048114337                       0                       0                       0                       0                       0                       0 
   178    -0.01233903227074015    -0.01239296635061201                       0   5.393407987186042e-05                       0                       0                       0                       0                       0                       0 
   180    0.000606071076981807   0.0006105839814489305                       0  -4.512904467123507e-06                       0                       0                       0                       0                       0                       0 
   181     -0.0101916422783361    -0.01022264838472902                       0   3.100610639291253e-05                       0                       0                       0                       0                       0                       0 
   183   6.898665123837973e-05   0.0003237586823282004                       0  -0.0002547720310898207                       0                       0                       0                       0                       0                       0 
   184   -0.005955094205820255   -0.005872913367130092                       0  -8.218083869016302e-05                       0                       0                       0                       0                       0                       0 
   198     0.00113238852643177   0.0003231386990687451                       0   0.0008092498273630249                       0                       0                       0                       0                       0                       0 
   199    -0.01324107055413506     -0.0139297653885955                       0   0.0006886948344604362                       0                       0                       0                       0                       0                       0 
   201   0.0008328975584903356   0.0006616347462783761                       0   0.0001712628122119594                       0                       0                       0                       0                       0                       0 
   202    -0.01194581354603448    -0.01201985508028141                       0   7.404153424692654e-05                       0                       0                       0                       0                       0                       0 
   204   0.0007836257613546511    0.001087694594879845                       0  -0.0003040688335251936                       0                       0                       0                       0                       0                       0 
   205    -0.01485896308920315    -0.01484129167025031                       0  -1.767141895283916e-05                       0                       0                       0                       0                       0                       0 
   207   0.0001623141810187284    0.001430705251234515                       0   -0.001268391070215787                       0                       0                       0                       0                       0                       0 
   208    -0.01717652902409608    -0.01686620321432263                       0  -0.0003103258097734449                       0                       0                       0                       0                       0                       0 
   222   0.0002375804762624572    0.002609959203485899                       0   -0.002372378727223441                       0                       0                       0                       0                       0                       0 
   223     0.00143359935218022    0.001051138281588139                       0   0.0003824610705920806                       0                       0                       0                       0                       0                       0 
   225    0.000233438767118009     0.00210258943213777                       0   -0.001869150665019761                       0                       0                       0                       0                       0                       0 
   226    0.002013850680002311    0.001981848726448446                       0    3.20019535538649e-05                       0                       0                       0                       0                       0                       0 
   228   0.0002648170563284361    0.001635556627324118                       0   -0.001370739570995682                       0                       0                       0                       0                       0                       0 
   229    0.001932670852918608     0.00202983199270514                       0  -9.716113978653185e-05                       0                       0                       0                       0                       0                       0 
   231   0.0003640794459147717    0.001874176560560731                       0   -0.001510097114645959                       0                       0                       0                       0                       0                       0 
   232     0.00129350755739648    0.001461246242480466                       0  -0.0001677386850839861                       0                       0                       0                       0                       0                       0 
   246  -7.975370483667395e-05    0.002625838223941258                       0   -0.002705591928777932                       0                       0                       0                       0                       0                       0 
   247    0.004327634444381103    0.004067567097751604                       0   0.0002600673466294997                       0                       0                       0                       0                       0                       0 
   249   2.606951787572634e-05    0.002435799018313393                       0   -0.002409729500437666                       0                       0                       0                       0                       0                       0 
   250    0.004601243073925222    0.004587293636100447                       0   1.394943782477542e-05                       0                       0                       0                       0                       0                       0 
   252   0.0002246474028927627    0.001773964594458558                       0   -0.001549317191565795                       0                       0                       0                       0                       0                       0 
   253    0.005556276423644174    0.005650729114488105                       0  -9.445269084393053e-05                       0                       0                       0                       0                       0                       0 
   255   0.0002198593768259065    0.001107737843420613                       0  -0.0008878784665947065                       0                       0                       0                       0                       0                       0 
   256    0.006611313828952895    0.006666145845712517                       0  -5.483201675962224e-05                       0                       0                       0                       0                       0                       0 
