#varID                   total                 dxdbVol                dxdbSurf                    dSdb                    dndb              dxdbDirect                    dVdb                distance                 options                    dvdb
   174   0.0006764723547189786   0.0002481967492415872                       0   0.0004282756054773914                       0                       0                       0                       0                       0                       0 
   175    -0.01465951935399577    -0.01515362194377939                       0   0.0004941025897836266                       0                       0                       0                       0                       0                       0 
   177    0.000841874636870188   0.0007275771823108141                       0   0.0001142974545593739                       0                       0                       0                       0                       0                       0 
   178    -0.01507006714273331    -0.01521691222663898                       0   0.0001468450839056717                       0                       0                       0                       0                       0                       0 
   180   0.0008224672183945182   0.0007657057623941634                       0   5.676145600035477e-05                       0                       0                       0                       0                       0                       0 
   181    -0.01183256493132902    -0.01193583968949155                       0   0.0001032747581625276                       0                       0                       0                       0                       0                       0 
   183   0.0003631817726084826   0.0004127777787900683                       0  -4.959600618158577e-05                       0                       0                       0                       0                       0                       0 
   184   -0.006363658316506376    -0.00635797210378264                       0  -5.686212723736668e-06                       0                       0                       0                       0                       0                       0 
   198   0.0006031606518572604   0.0006853129230134658                       0  -8.215227115620534e-05                       0                       0                       0                       0                       0                       0 
   199    -0.01410948562415734    -0.01467028084424459                       0   0.0005607952200872486                       0                       0                       0                       0                       0                       0 
   201   0.0008724576866031794    0.001002825261915196                       0  -0.0001303675753120167                       0                       0                       0                       0                       0                       0 
   202    -0.01427055069274295     -0.0144329698341192                       0    0.000162419141376241                       0                       0                       0                       0                       0                       0 
   204    0.001232684894596141    0.001348608977828837                       0  -0.0001159240832326955                       0                       0                       0                       0                       0                       0 
   205    -0.01680036068185032    -0.01691314061628754                       0   0.0001127799344372249                       0                       0                       0                       0                       0                       0 
   207    0.001094444982247778    0.001590341476837032                       0  -0.0004958964945892545                       0                       0                       0                       0                       0                       0 
   208      -0.017041752669924    -0.01698226537382694                       0  -5.948729609705907e-05                       0                       0                       0                       0                       0                       0 
   222   0.0001332323607561095    0.002432222022532081                       0   -0.002298989661775972                       0                       0                       0                       0                       0                       0 
   223    0.001824304731534547    0.001468525564801626                       0   0.0003557791667329212                       0                       0                       0                       0                       0                       0 
   225   0.0002500583444099739    0.002087589239887359                       0   -0.001837530895477385                       0                       0                       0                       0                       0                       0 
   226    0.003170718750019723    0.003099390392845077                       0   7.132835717464558e-05                       0                       0                       0                       0                       0                       0 
   228   0.0004759054511147059    0.001792066050979266                       0    -0.00131616059986456                       0                       0                       0                       0                       0                       0 
   229    0.003198820946052562    0.003232097594245849                       0   -3.32766481932868e-05                       0                       0                       0                       0                       0                       0 
   231   0.0008470768438070366    0.002070307462078004                       0   -0.001223230618270967                       0                       0                       0                       0                       0                       0 
   232    0.002161964629610979    0.002209218871791496                       0  -4.725424218051697e-05                       0                       0                       0                       0                       0                       0 
   246  -6.235782528687429e-05    0.002416050365590832                       0   -0.002478408190877707                       0                       0                       0                       0                       0                       0 
   247    0.005060617957180736    0.004798079140603271                       0   0.0002625388165774648                       0                       0                       0                       0                       0                       0 
   249   5.463239548531354e-05     0.00237500122321353                       0   -0.002320368827728216                       0                       0                       0                       0                       0                       0 
   250    0.006690472409362404    0.006641307590573434                       0   4.916481878897024e-05                       0                       0                       0                       0                       0                       0 
   252   0.0002864277333175663    0.001848710594244879                       0   -0.001562282860927312                       0                       0                       0                       0                       0                       0 
   253    0.007745213001500219    0.007806340771842734                       0  -6.112777034251478e-05                       0                       0                       0                       0                       0                       0 
   255   0.0003663105394529957    0.001301665833343582                       0  -0.0009353552938905866                       0                       0                       0                       0                       0                       0 
   256    0.007497120373148515    0.007526112656583462                       0  -2.899228343494648e-05                       0                       0                       0                       0                       0                       0 
