#varID                   total                 dxdbVol                dxdbSurf                    dSdb                    dndb              dxdbDirect                    dVdb                distance                 options                    dvdb
   174    0.004548768192288261                       0                       0   3.831821651123265e-05                       0    0.004510449975777028                       0                       0                       0                       0 
   175     -0.1722235559236962                       0                       0    -0.06318335288050755                       0     -0.1090402030431886                       0                       0                       0                       0 
   177     0.01130692599970353                       0                       0     0.00422848705953404                       0    0.007078438940169492                       0                       0                       0                       0 
   178     -0.1888075786899461                       0                       0    -0.06898441875966904                       0     -0.1198231599302771                       0                       0                       0                       0 
   180     0.01394880697753977                       0                       0    0.006366396348446907                       0    0.007582410629092866                       0                       0                       0                       0 
   181     -0.1604817316394325                       0                       0    -0.05851783422135991                       0     -0.1019638974180726                       0                       0                       0                       0 
   183    0.009217042116248839                       0                       0    0.004187288039581928                       0    0.005029754076666911                       0                       0                       0                       0 
   184    -0.09148785218180903                       0                       0    -0.03347112250921681                       0    -0.05801672967259223                       0                       0                       0                       0 
   198    0.001159487709905963                       0                       0   -0.000138927415163893                       0    0.001298415125069856                       0                       0                       0                       0 
   199    -0.05873495772796768                       0                       0    -0.02154688381356913                       0    -0.03718807391439855                       0                       0                       0                       0 
   201    0.005124706423028444                       0                       0    0.001995732652059633                       0    0.003128973770968812                       0                       0                       0                       0 
   202    -0.07594669646158002                       0                       0    -0.02774282244538749                       0    -0.04820387401619252                       0                       0                       0                       0 
   204     0.01170528434108628                       0                       0    0.005361014440317512                       0     0.00634426990076877                       0                       0                       0                       0 
   205     -0.1199478475048532                       0                       0    -0.04378031074946626                       0    -0.07616753675538694                       0                       0                       0                       0 
   207     0.01730828853616675                       0                       0    0.007457210479986128                       0    0.009851078056180624                       0                       0                       0                       0 
   208     -0.1431195989921211                       0                       0    -0.05249411012316731                       0    -0.09062548886895384                       0                       0                       0                       0 
   222   -0.003838758973754702                       0                       0   -0.001174860846267763                       0   -0.002663898127486939                       0                       0                       0                       0 
   223     0.05150839855118511                       0                       0     0.01891320284771616                       0     0.03259519570346895                       0                       0                       0                       0 
   225    0.001533823286202134                       0                       0   0.0003333151043944751                       0    0.001200508181807658                       0                       0                       0                       0 
   226      0.0487245135987797                       0                       0     0.01767138654662904                       0     0.03105312705215066                       0                       0                       0                       0 
   228    0.004904772795532563                       0                       0    0.002193616555417533                       0     0.00271115624011503                       0                       0                       0                       0 
   229     0.04796948044809984                       0                       0     0.01735211635373936                       0     0.03061736409436048                       0                       0                       0                       0 
   231     0.01583731748283684                       0                       0     0.00568505997051458                       0     0.01015225751232226                       0                       0                       0                       0 
   232     0.04382725474224712                       0                       0      0.0160970287835199                       0     0.02773022595872722                       0                       0                       0                       0 
   246    -0.01017949609165462                       0                       0   -0.003116575593419802                       0    -0.00706292049823482                       0                       0                       0                       0 
   247      0.1706759075732903                       0                       0     0.06260413070469055                       0      0.1080717768685997                       0                       0                       0                       0 
   249     0.00430738895905639                       0                       0   0.0006182495189326859                       0    0.003689139440123705                       0                       0                       0                       0 
   250      0.1901107743734518                       0                       0     0.06898417256014701                       0      0.1211266018133048                       0                       0                       0                       0 
   252    0.007333383443183337                       0                       0    0.003401845238089007                       0     0.00393153820509433                       0                       0                       0                       0 
   253      0.1913305311553728                       0                       0     0.06931234556445943                       0      0.1220181855909134                       0                       0                       0                       0 
   255      0.0170870939656824                       0                       0    0.006045276377427584                       0     0.01104181758825481                       0                       0                       0                       0 
   256      0.1623772306305691                       0                       0      0.0594758527282807                       0      0.1029013779022884                       0                       0                       0                       0 
