#varID                   total                 dxdbVol                dxdbSurf                    dSdb                    dndb              dxdbDirect                    dVdb                distance                 options                    dvdb
   174   -0.002523885787719663                       0                       0  -0.0009254247888305407                       0   -0.001598460998889123                       0                       0                       0                       0 
   175     -0.1724013586263505                       0                       0     -0.0632138314963285                       0      -0.109187527130022                       0                       0                       0                       0 
   177     0.01167738067695543                       0                       0    0.004281706248216998                       0    0.007395674428738434                       0                       0                       0                       0 
   178     -0.1879270525185732                       0                       0    -0.06890658592347679                       0     -0.1190204665950964                       0                       0                       0                       0 
   180     0.01939731537889951                       0                       0    0.007112348972263157                       0     0.01228496640663635                       0                       0                       0                       0 
   181     -0.1592500454332717                       0                       0    -0.05839168332553298                       0     -0.1008583621077387                       0                       0                       0                       0 
   183     0.01272303981545525                       0                       0    0.004665114599000251                       0    0.008057925216454999                       0                       0                       0                       0 
   184    -0.09116931209507385                       0                       0    -0.03342874776819376                       0    -0.05774056432688009                       0                       0                       0                       0 
   198   -0.001288227678730746                       0                       0   -0.000472350148867939                       0  -0.0008158775298628064                       0                       0                       0                       0 
   199    -0.05878680222072158                       0                       0    -0.02155516081426458                       0      -0.037231641406457                       0                       0                       0                       0 
   201     0.00563728374634123                       0                       0     0.00206700404032512                       0     0.00357027970601611                       0                       0                       0                       0 
   202    -0.07556530862474319                       0                       0     -0.0277072798290725                       0    -0.04785802879567069                       0                       0                       0                       0 
   204     0.01635433230948805                       0                       0    0.005996588513478948                       0      0.0103577437960091                       0                       0                       0                       0 
   205     -0.1191671978758044                       0                       0    -0.04369463922112834                       0    -0.07547255865467607                       0                       0                       0                       0 
   207     0.02211839606670593                       0                       0    0.008110078557792173                       0     0.01400831750891376                       0                       0                       0                       0 
   208     -0.1430815134764555                       0                       0     -0.0524632216080337                       0    -0.09061829186842182                       0                       0                       0                       0 
   222   -0.002822338735083751                       0                       0   -0.001034857536197376                       0   -0.001787481198886375                       0                       0                       0                       0 
   223     0.05166561459800723                       0                       0     0.01894405868593598                       0     0.03272155591207124                       0                       0                       0                       0 
   225   0.0005497140446037141                       0                       0   0.0002015618163546938                       0   0.0003481522282490203                       0                       0                       0                       0 
   226     0.04806129500751345                       0                       0     0.01762247483608826                       0     0.03043882017142519                       0                       0                       0                       0 
   228    0.006623015328983121                       0                       0    0.002428438953960477                       0    0.004194576375022643                       0                       0                       0                       0 
   229     0.04716145487730637                       0                       0     0.01729253345501233                       0     0.02986892142229405                       0                       0                       0                       0 
   231     0.01529621385328692                       0                       0      0.0056086117462052                       0    0.009687602107081717                       0                       0                       0                       0 
   232     0.04406829870252271                       0                       0     0.01615837619092496                       0     0.02790992251159776                       0                       0                       0                       0 
   246   -0.007485892661166066                       0                       0   -0.002744827309094222                       0   -0.004741065352071844                       0                       0                       0                       0 
   247      0.1709363010700451                       0                       0      0.0626766437256832                       0       0.108259657344362                       0                       0                       0                       0 
   249   0.0001702923123674877                       0                       0   6.244051453474663e-05                       0   0.0001078517978327411                       0                       0                       0                       0 
   250      0.1876290748574122                       0                       0     0.06879732744771774                       0      0.1188317474096944                       0                       0                       0                       0 
   252     0.01043782263901934                       0                       0    0.003827201634307094                       0    0.006610621004712246                       0                       0                       0                       0 
   253      0.1883848349712206                       0                       0     0.06907443948944761                       0       0.119310395481773                       0                       0                       0                       0 
   255     0.01612330453984435                       0                       0     0.00591187833127626                       0     0.01021142620856809                       0                       0                       0                       0 
   256      0.1623304895325802                       0                       0     0.05952117949527942                       0      0.1028093100373008                       0                       0                       0                       0 
