#varID                   total                 dxdbVol                dxdbSurf                    dSdb                    dndb              dxdbDirect                    dVdb                distance                 options                    dvdb
   174    0.001215106114230061  -0.0002887502711757684                       0    0.001503856385405829                       0                       0                       0                       0                       0                       0 
   175    -0.01301965451326556    -0.01362822654548808                       0   0.0006085720322225216                       0                       0                       0                       0                       0                       0 
   177   0.0007778321233137518   0.0002537128631007189                       0   0.0005241192602130328                       0                       0                       0                       0                       0                       0 
   178    -0.01183916397655997    -0.01187931001033638                       0   4.014603377640681e-05                       0                       0                       0                       0                       0                       0 
   180   0.0005766124270198494   0.0005775432407677962                       0  -9.308137479468291e-07                       0                       0                       0                       0                       0                       0 
   181   -0.009877988509648149   -0.009900316114474903                       0   2.232760482675295e-05                       0                       0                       0                       0                       0                       0 
   183   1.796277772433659e-05   0.0003034678097902533                       0  -0.0002855050320659167                       0                       0                       0                       0                       0                       0 
   184    -0.00584236326853331   -0.005747625788071102                       0  -9.473748046220795e-05                       0                       0                       0                       0                       0                       0 
   198    0.001217875835984668   0.0002705290864324017                       0   0.0009473467495522659                       0                       0                       0                       0                       0                       0 
   199    -0.01305940995495628    -0.01376601027320629                       0   0.0007066003182500122                       0                       0                       0                       0                       0                       0 
   201   0.0008206167053744959   0.0005930148251632893                       0   0.0002276018802112067                       0                       0                       0                       0                       0                       0 
   202     -0.0115128917451434    -0.01157406875102816                       0   6.117700588476596e-05                       0                       0                       0                       0                       0                       0 
   204   0.0007160346358745619     0.00103196567049142                       0  -0.0003159310346168578                       0                       0                       0                       0                       0                       0 
   205    -0.01445471393189021    -0.01441989405907095                       0  -3.481987281925947e-05                       0                       0                       0                       0                       0                       0 
   207  -1.504875655788723e-05    0.001384349883605749                       0   -0.001399398640163636                       0                       0                       0                       0                       0                       0 
   208    -0.01708094413629531    -0.01672540869541166                       0  -0.0003555354408836565                       0                       0                       0                       0                       0                       0 
   222   0.0002539831690777255    0.002637549714348866                       0    -0.00238356654527114                       0                       0                       0                       0                       0                       0 
   223    0.001368864052893308   0.0009829789287032812                       0   0.0003858851241900267                       0                       0                       0                       0                       0                       0 
   225   0.0002292422616920608    0.002099882555691713                       0   -0.001870640293999652                       0                       0                       0                       0                       0                       0 
   226    0.001865988794378932    0.001840026961259564                       0   2.596183311936884e-05                       0                       0                       0                       0                       0                       0 
   228   0.0002331862215240593    0.001609781653126299                       0    -0.00137659543160224                       0                       0                       0                       0                       0                       0 
   229    0.001785554000889502    0.001891776397046819                       0   -0.000106222396157317                       0                       0                       0                       0                       0                       0 
   231   0.0002714985821636691    0.001834777192046687                       0   -0.001563278609883018                       0                       0                       0                       0                       0                       0 
   232    0.001188340026730528    0.001378592073715197                       0  -0.0001902520469846689                       0                       0                       0                       0                       0                       0 
   246   -8.57141694395199e-05    0.002654694879919544                       0   -0.002740409049359064                       0                       0                       0                       0                       0                       0 
   247    0.004204569580401157    0.003945650244434965                       0   0.0002589193359661919                       0                       0                       0                       0                       0                       0 
   249   2.095938616270996e-05    0.002442095148542117                       0   -0.002421135762379407                       0                       0                       0                       0                       0                       0 
   250    0.004305438170491065    0.004297063671989168                       0   8.374498501896903e-06                       0                       0                       0                       0                       0                       0 
   252   0.0002185812613042992    0.001766319253139462                       0   -0.001547737991835162                       0                       0                       0                       0                       0                       0 
   253    0.005247931269447976    0.005346902039833588                       0  -9.897077038561146e-05                       0                       0                       0                       0                       0                       0 
   255   0.0001963533676345333    0.001077315402440376                       0   -0.000880962034805843                       0                       0                       0                       0                       0                       0 
   256    0.006465535883308543    0.006524619591782421                       0  -5.908370847387816e-05                       0                       0                       0                       0                       0                       0 
