#varID                   total                 dxdbVol                dxdbSurf                    dSdb                    dndb              dxdbDirect                    dVdb                distance                 options                    dvdb
   174    0.001068479243768736  -0.0001370037830162453                       0    0.001205483026784981                       0                       0                       0                       0                       0                       0 
   175    -0.01357695391857268    -0.01415754951765544                       0   0.0005805955990827666                       0                       0                       0                       0                       0                       0 
   177   0.0008077197127954725   0.0004110036677635075                       0    0.000396716045031965                       0                       0                       0                       0                       0                       0 
   178    -0.01285322242236966    -0.01292242472647683                       0   6.920230410717051e-05                       0                       0                       0                       0                       0                       0 
   180   0.0006396099117636401   0.0006434543178703768                       0  -3.844406106736731e-06                       0                       0                       0                       0                       0                       0 
   181    -0.01051144173885112    -0.01055275336880232                       0   4.131162995120466e-05                       0                       0                       0                       0                       0                       0 
   183   0.0001229539968767233   0.0003437643155467567                       0  -0.0002208103186700333                       0                       0                       0                       0                       0                       0 
   184   -0.006060654428271995   -0.005991980915346982                       0  -6.867351292501247e-05                       0                       0                       0                       0                       0                       0 
   198    0.001040193787114653   0.0003814214723853828                       0   0.0006587723147292699                       0                       0                       0                       0                       0                       0 
   199    -0.01342054964770952    -0.01408906503313654                       0   0.0006685153854270186                       0                       0                       0                       0                       0                       0 
   201    0.000843732939241915   0.0007303440095580791                       0   0.0001133889296838358                       0                       0                       0                       0                       0                       0 
   202    -0.01238956895379907    -0.01247792521314165                       0   8.835625934258279e-05                       0                       0                       0                       0                       0                       0 
   204   0.0008580263981517049    0.001143066358678201                       0  -0.0002850399605264963                       0                       0                       0                       0                       0                       0 
   205    -0.01526300206381154    -0.01526509923188856                       0   2.097168077018947e-06                       0                       0                       0                       0                       0                       0 
   207   0.0003444525701992054    0.001473847284461285                       0    -0.00112939471426208                       0                       0                       0                       0                       0                       0 
   208    -0.01723994537763989     -0.0169767875434501                       0  -0.0002631578341897927                       0                       0                       0                       0                       0                       0 
   222   0.0002198276144078099    0.002580249247261276                       0   -0.002360421632853466                       0                       0                       0                       0                       0                       0 
   223     0.00150332034773663    0.001124812911643684                       0   0.0003785074360929464                       0                       0                       0                       0                       0                       0 
   225    0.000237450181083856    0.002103969071003723                       0   -0.001866518889919867                       0                       0                       0                       0                       0                       0 
   226    0.002183379919371303    0.002144808869197093                       0   3.857105017421021e-05                       0                       0                       0                       0                       0                       0 
   228   0.0002994797363980598     0.00166289616558129                       0    -0.00136341642918323                       0                       0                       0                       0                       0                       0 
   229    0.002106044602438683    0.002193079900625304                       0  -8.703529818662097e-05                       0                       0                       0                       0                       0                       0 
   231   0.0004585902988935926    0.001913714978607458                       0   -0.001455124679713865                       0                       0                       0                       0                       0                       0 
   232    0.001417670710160966    0.001562257925419819                       0   -0.000144587215258853                       0                       0                       0                       0                       0                       0 
   246  -7.433815289714435e-05     0.00259352858714526                       0   -0.002667866740042405                       0                       0                       0                       0                       0                       0 
   247    0.004458605972072085    0.004197532296608949                       0   0.0002610736754631367                       0                       0                       0                       0                       0                       0 
   249    3.14590560280179e-05    0.002428164371912709                       0   -0.002396705315884691                       0                       0                       0                       0                       0                       0 
   250    0.004929365933907893    0.004909424027664622                       0   1.994190624327082e-05                       0                       0                       0                       0                       0                       0 
   252   0.0002322451423080484    0.001783438323195339                       0    -0.00155119318088729                       0                       0                       0                       0                       0                       0 
   253    0.005897838329329059     0.00598720972637241                       0  -8.937139704335144e-05                       0                       0                       0                       0                       0                       0 
   255   0.0002449551903135176    0.001140451270710767                       0  -0.0008954960803972494                       0                       0                       0                       0                       0                       0 
   256    0.006765575526777469     0.00681590216231646                       0  -5.032663553899144e-05                       0                       0                       0                       0                       0                       0 
