#varID                   total                 dxdbVol                dxdbSurf                    dSdb                    dndb              dxdbDirect                    dVdb                distance                 options                    dvdb
   174    0.000148113209671336   0.0007920458581738643                       0  -0.0006439326485025283                       0                       0                       0                       0                       0                       0 
   175    -0.01570123461034874     -0.0160540279563641                       0   0.0003527933460153623                       0                       0                       0                       0                       0                       0 
   177   0.0008464652301028403    0.001041187330755556                       0  -0.0001947221006527159                       0                       0                       0                       0                       0                       0 
   178    -0.01756631148347339    -0.01782479811777416                       0   0.0002584866343007669                       0                       0                       0                       0                       0                       0 
   180    0.001105974968345316    0.000844044014235258                       0   0.0002619309541100578                       0                       0                       0                       0                       0                       0 
   181     -0.0130726161839971    -0.01328395006851144                       0   0.0002113338845143465                       0                       0                       0                       0                       0                       0 
   183   0.0006114333532615227   0.0004290566420025161                       0   0.0001823767112590066                       0                       0                       0                       0                       0                       0 
   184   -0.006294740597890626   -0.006361634900883286                       0   6.689430299265977e-05                       0                       0                       0                       0                       0                       0 
   198   5.980497909413595e-05    0.001144371657247267                       0   -0.001084566678153131                       0                       0                       0                       0                       0                       0 
   199    -0.01477528724927454    -0.01517392925217581                       0   0.0003986420029012705                       0                       0                       0                       0                       0                       0 
   201   0.0008870177807238516    0.001260230914765021                       0  -0.0003732131340411697                       0                       0                       0                       0                       0                       0 
   202    -0.01629395150982517    -0.01656650680562008                       0   0.0002725552957949178                       0                       0                       0                       0                       0                       0 
   204    0.001738841975529957    0.001470689310282344                       0   0.0002681526652476138                       0                       0                       0                       0                       0                       0 
   205    -0.01784359743998714    -0.01813087398979813                       0   0.0002872765498109937                       0                       0                       0                       0                       0                       0 
   207     0.00176266137341559     0.00152306716568818                       0   0.0002395942077274103                       0                       0                       0                       0                       0                       0 
   208    -0.01569857096946854     -0.0158464597827506                       0   0.0001478888132820661                       0                       0                       0                       0                       0                       0 
   222   1.457358601937662e-05    0.002204462922521085                       0   -0.002189889336501708                       0                       0                       0                       0                       0                       0 
   223    0.002112724397025817    0.001797571851411466                       0    0.000315152545614351                       0                       0                       0                       0                       0                       0 
   225   0.0002465591975796832    0.001990011937806038                       0   -0.001743452740226355                       0                       0                       0                       0                       0                       0 
   226    0.005055619293129301    0.004937086378348417                       0   0.0001185329147808838                       0                       0                       0                       0                       0                       0 
   228   0.0007420161912901912    0.001973097348075312                       0    -0.00123108115678512                       0                       0                       0                       0                       0                       0 
   229    0.005554597076007806    0.005503101593054081                       0   5.149548295372512e-05                       0                       0                       0                       0                       0                       0 
   231    0.001217976510445721    0.002215477755988745                       0  -0.0009975012455430241                       0                       0                       0                       0                       0                       0 
   232    0.003444627774573452    0.003392989769891794                       0   5.163800468165778e-05                       0                       0                       0                       0                       0                       0 
   246  -8.578347686325144e-05    0.002103327821474143                       0   -0.002189111298337394                       0                       0                       0                       0                       0                       0 
   247    0.005710163533229773    0.005456451034654568                       0   0.0002537124985752045                       0                       0                       0                       0                       0                       0 
   249   6.790683652247278e-05    0.002232351142029628                       0   -0.002164444305507155                       0                       0                       0                       0                       0                       0 
   250    0.009706833767860962    0.009616510346085691                       0   9.032342177527132e-05                       0                       0                       0                       0                       0                       0 
   252   0.0004236930278451202    0.002004158502297021                       0     -0.0015804654744519                       0                       0                       0                       0                       0                       0 
   253     0.01105169076286985     0.01106113400809142                       0  -9.443245221573419e-06                       0                       0                       0                       0                       0                       0 
   255   0.0005414822185247385    0.001542004565614589                       0    -0.00100052234708985                       0                       0                       0                       0                       0                       0 
   256    0.008501536466038266    0.008500758101154632                       0   7.783648836334847e-07                       0                       0                       0                       0                       0                       0 
