#varID                   total                 dxdbVol                dxdbSurf                    dSdb                    dndb              dxdbDirect                    dVdb                distance                 options                    dvdb
   174  -0.0001643614186742776    0.001147231027077708                       0   -0.001311592445751985                       0                       0                       0                       0                       0                       0 
   175    -0.01622128480800872    -0.01647796608869395                       0   0.0002566812806852321                       0                       0                       0                       0                       0                       0 
   177   0.0008496910191355287    0.001194024489533236                       0  -0.0003443334703977074                       0                       0                       0                       0                       0                       0 
   178    -0.01891738087961593    -0.01925059113322734                       0   0.0003332102536114037                       0                       0                       0                       0                       0                       0 
   180     0.00128639764953596   0.0008387002500975258                       0   0.0004476973994384343                       0                       0                       0                       0                       0                       0 
   181    -0.01352676473453719    -0.01381466561837621                       0   0.0002879008838390249                       0                       0                       0                       0                       0                       0 
   183   0.0007106279720462767   0.0003916616127200003                       0   0.0003189663593262765                       0                       0                       0                       0                       0                       0 
   184   -0.006011598579468653    -0.00611389674390701                       0   0.0001022981644383566                       0                       0                       0                       0                       0                       0 
   198  -0.0002473081690703095     0.00145157317047655                       0    -0.00169888133954686                       0                       0                       0                       0                       0                       0 
   199    -0.01514070125697996     -0.0154333965027346                       0   0.0002926952457546428                       0                       0                       0                       0                       0                       0 
   201   0.0008993029181202471    0.001371718018573618                       0  -0.0004724151004533711                       0                       0                       0                       0                       0                       0 
   202    -0.01730939732347237    -0.01765737695367089                       0    0.000347979630198519                       0                       0                       0                       0                       0                       0 
   204    0.002027433682978086    0.001454241918993219                       0    0.000573191763984867                       0                       0                       0                       0                       0                       0 
   205    -0.01787646792782647    -0.01827848482532512                       0   0.0004020168974986519                       0                       0                       0                       0                       0                       0 
   207    0.001985051364460659    0.001361447855380546                       0   0.0006236035090801125                       0                       0                       0                       0                       0                       0 
   208    -0.01439082158539548    -0.01462975513243327                       0   0.0002389335470377882                       0                       0                       0                       0                       0                       0 
   222  -6.045159994486288e-05    0.002035720435336853                       0   -0.002096172035281716                       0                       0                       0                       0                       0                       0 
   223    0.002109852916059916    0.001827403100902833                       0   0.0002824498151570836                       0                       0                       0                       0                       0                       0 
   225   0.0002249414420478059    0.001862156157770437                       0   -0.001637214715722631                       0                       0                       0                       0                       0                       0 
   226    0.006684847739209911    0.006534759434037335                       0   0.0001500883051725759                       0                       0                       0                       0                       0                       0 
   228   0.0009339605671958157    0.002105011642140501                       0   -0.001171051074944686                       0                       0                       0                       0                       0                       0 
   229    0.007761698066215852    0.007648597463180831                       0    0.000113100603035022                       0                       0                       0                       0                       0                       0 
   231    0.001374129201645903     0.00227996634275106                       0  -0.0009058371411051569                       0                       0                       0                       0                       0                       0 
   232    0.004300813980585683    0.004202627991517849                       0   9.818598906783322e-05                       0                       0                       0                       0                       0                       0 
   246  -0.0001272908068240509    0.001850124739475467                       0   -0.001977415546299518                       0                       0                       0                       0                       0                       0 
   247    0.005925174525874775    0.005685885264714394                       0   0.0002392892611603807                       0                       0                       0                       0                       0                       0 
   249   5.210272897895581e-05    0.002068210502117421                       0   -0.002016107773138465                       0                       0                       0                       0                       0                       0 
   250      0.0121368452998965     0.01201935820542299                       0   0.0001174870944735165                       0                       0                       0                       0                       0                       0 
   252   0.0005709195523453381    0.002163370939906888                       0    -0.00159245138756155                       0                       0                       0                       0                       0                       0 
   253     0.01387965293246748     0.01384443836579016                       0   3.521456667732135e-05                       0                       0                       0                       0                       0                       0 
   255   0.0006630756895622883    0.001714307623947221                       0   -0.001051231934384932                       0                       0                       0                       0                       0                       0 
   256    0.009133573976597564    0.009112508102680944                       0   2.106587391662083e-05                       0                       0                       0                       0                       0                       0 
