#varID                   total                 dxdbVol                dxdbSurf                    dSdb                    dndb              dxdbDirect                    dVdb                distance                 options                    dvdb
   174   0.0001227373406392651                       0                       0  -0.0005645492954355807                       0   0.0006872866360748458                       0                       0                       0                       0 
   175     -0.1722599003212604                       0                       0    -0.06320279588238981                       0     -0.1090571044388706                       0                       0                       0                       0 
   177     0.01069076125058258                       0                       0    0.004147288087110438                       0    0.006543473163472144                       0                       0                       0                       0 
   178     -0.1879788733214373                       0                       0    -0.06891769726693077                       0     -0.1190611760545065                       0                       0                       0                       0 
   180     0.01569700344218401                       0                       0    0.006607449503774785                       0    0.009089553938409227                       0                       0                       0                       0 
   181     -0.1596373947413937                       0                       0     -0.0584415425611126                       0     -0.1011958521802811                       0                       0                       0                       0 
   183     0.01147588390882397                       0                       0    0.004494946990079329                       0    0.006980936918744639                       0                       0                       0                       0 
   184     -0.0913183871177588                       0                       0    -0.03344777496656184                       0    -0.05787061215119695                       0                       0                       0                       0 
   198  -0.0003714330408709764                       0                       0  -0.0003473581732796228                       0  -2.407486759135362e-05                       0                       0                       0                       0 
   199    -0.05874121579855812                       0                       0     -0.0215520758588955                       0    -0.03718913993966262                       0                       0                       0                       0 
   201    0.004977292649704311                       0                       0    0.001977015463396705                       0    0.003000277186307605                       0                       0                       0                       0 
   202    -0.07560972913829966                       0                       0    -0.02771497050952563                       0    -0.04789475862877403                       0                       0                       0                       0 
   204     0.01369119608242641                       0                       0    0.005633159207743802                       0    0.008058036874682603                       0                       0                       0                       0 
   205     -0.1194512888318527                       0                       0    -0.04373126052555583                       0    -0.07572002830629683                       0                       0                       0                       0 
   207     0.02120685480897241                       0                       0    0.007986070330072221                       0     0.01322078447890019                       0                       0                       0                       0 
   208     -0.1431531795542189                       0                       0    -0.05247450544482302                       0    -0.09067867410939584                       0                       0                       0                       0 
   222    -0.00283797649145426                       0                       0   -0.001037057629451131                       0   -0.001800918862003128                       0                       0                       0                       0 
   223     0.05163861693118141                       0                       0     0.01893806453885456                       0     0.03270055239232686                       0                       0                       0                       0 
   225    0.001170927499304621                       0                       0   0.0002860186905903901                       0   0.0008849088087142305                       0                       0                       0                       0 
   226     0.04816431169862855                       0                       0     0.01762925032224718                       0     0.03053506137638137                       0                       0                       0                       0 
   228    0.005713808679388326                       0                       0    0.002304181191241431                       0    0.003409627488146895                       0                       0                       0                       0 
   229     0.04729938293367469                       0                       0     0.01730324967251018                       0     0.02999613326116451                       0                       0                       0                       0 
   231     0.01538428199647572                       0                       0    0.005620890390376197                       0    0.009763391606099524                       0                       0                       0                       0 
   232     0.04403898538324399                       0                       0     0.01615104867462493                       0     0.02788793670861905                       0                       0                       0                       0 
   246   -0.007265962469075953                       0                       0   -0.002715105346397811                       0   -0.004550857122678141                       0                       0                       0                       0 
   247       0.170880899510953                       0                       0     0.06266174975488481                       0      0.1082191497560682                       0                       0                       0                       0 
   249     0.00279098391365453                       0                       0   0.0004189135404449491                       0    0.002372070373209581                       0                       0                       0                       0 
   250      0.1880143053790975                       0                       0     0.06882452469810067                       0      0.1191897806809968                       0                       0                       0                       0 
   252    0.008792917846982516                       0                       0    0.003602085444659185                       0    0.005190832402323331                       0                       0                       0                       0 
   253      0.1889417864422672                       0                       0     0.06912396579986306                       0      0.1198178206424041                       0                       0                       0                       0 
   255     0.01556413540780326                       0                       0    0.005835585554173638                       0    0.009728549853629618                       0                       0                       0                       0 
   256      0.1623828237048498                       0                       0     0.05952089339517583                       0      0.1028619303096739                       0                       0                       0                       0 
