#varID                   total                 dxdbVol                dxdbSurf                    dSdb                    dndb              dxdbDirect                    dVdb                distance                 options                    dvdb
   174   0.0004292555671443504   0.0004959548361063574                       0    -6.6699268962007e-05                       0                       0                       0                       0                       0                       0 
   175    -0.01518435395125238    -0.01561572548885209                       0   0.0004313715375997102                       0                       0                       0                       0                       0                       0 
   177   0.0008463594588742719   0.0008850430582273278                       0  -3.868359935305584e-05                       0                       0                       0                       0                       0                       0 
   178    -0.01628243771038188     -0.0164799508234023                       0    0.000197513113020419                       0                       0                       0                       0                       0                       0 
   180   0.0009503395601673657   0.0008143155586420135                       0   0.0001360240015253522                       0                       0                       0                       0                       0                       0 
   181    -0.01248265093646377     -0.0126330551839419                       0   0.0001504042474781287                       0                       0                       0                       0                       0                       0 
   183   0.0004905348894911783   0.0004317275860928605                       0   5.880730339831787e-05                       0                       0                       0                       0                       0                       0 
   184   -0.006395046603459947   -0.006425119844361359                       0   3.007324090141194e-05                       0                       0                       0                       0                       0                       0 
   198    0.000344174859522266   0.0008916380487644191                       0  -0.0005474631892421531                       0                       0                       0                       0                       0                       0 
   199    -0.01444031161061582    -0.01492778037393326                       0   0.0004874687633174447                       0                       0                       0                       0                       0                       0 
   201   0.0008800055426395335    0.001134854213845791                       0  -0.0002548486712062577                       0                       0                       0                       0                       0                       0 
   202    -0.01526988325938746    -0.01548180209139414                       0   0.0002119188320066762                       0                       0                       0                       0                       0                       0 
   204    0.001470187456844594    0.001427225316487833                       0   4.296214035676152e-05                       0                       0                       0                       0                       0                       0 
   205    -0.01742983356447579    -0.01762090169489746                       0   0.0001910681304216699                       0                       0                       0                       0                       0                       0 
   207    0.001452306465624462    0.001590015496903214                       0  -0.0001377090312787517                       0                       0                       0                       0                       0                       0 
   208    -0.01655411695261796    -0.01660020614234703                       0     4.6089189729067e-05                       0                       0                       0                       0                       0                       0 
   222   7.865075165110506e-05    0.002332227732655596                       0   -0.002253576981004491                       0                       0                       0                       0                       0                       0 
   223    0.001989077367822241    0.001650539276235696                       0   0.0003385380915865456                       0                       0                       0                       0                       0                       0 
   225   0.0002519613720061715    0.002055330044996711                       0   -0.001803368672990539                       0                       0                       0                       0                       0                       0 
   226    0.003950800396746165    0.003858104192564542                       0   9.269620418162274e-05                       0                       0                       0                       0                       0                       0 
   228    0.000594214500317424    0.001873326460831992                       0   -0.001279111960514568                       0                       0                       0                       0                       0                       0 
   229     0.00413967495920078    0.004135576961584279                       0   4.097997616500576e-06                       0                       0                       0                       0                       0                       0 
   231    0.001038487980730899    0.002145081370200891                       0   -0.001106593389469992                       0                       0                       0                       0                       0                       0 
   232    0.002726370964076078    0.002723747542809549                       0   2.623421266528407e-06                       0                       0                       0                       0                       0                       0 
   246  -6.714440754994723e-05    0.002283597000745836                       0   -0.002350741408295783                       0                       0                       0                       0                       0                       0 
   247    0.005393944715595651    0.005133689474004319                       0   0.0002602552415913322                       0                       0                       0                       0                       0                       0 
   249   6.461542623952595e-05    0.002322440769560541                       0   -0.002257825343321015                       0                       0                       0                       0                       0                       0 
   250    0.007975778806754364    0.007907889206453307                       0   6.788960030105661e-05                       0                       0                       0                       0                       0                       0 
   252   0.0003384757868713307    0.001908875685498924                       0   -0.001570399898627594                       0                       0                       0                       0                       0                       0 
   253    0.009127698222968933    0.009167309852713039                       0  -3.961162974410612e-05                       0                       0                       0                       0                       0                       0 
   255   0.0004448493077680525    0.001408354347469621                       0  -0.0009635050397015687                       0                       0                       0                       0                       0                       0 
   256    0.007957269043043769    0.007972793630770532                       0  -1.552458772676271e-05                       0                       0                       0                       0                       0                       0 
