#varID                   total                 dxdbVol                dxdbSurf                    dSdb                    dndb              dxdbDirect                    dVdb                distance                 options                    dvdb
   174   0.0002928207256387553   0.0006373378133167857                       0  -0.0003445170876780305                       0                       0                       0                       0                       0                       0 
   175    -0.01544355328329866    -0.01583773543497021                       0   0.0003941821516715487                       0                       0                       0                       0                       0                       0 
   177    0.000846549556744661   0.0009633030964128224                       0  -0.0001167535396681613                       0                       0                       0                       0                       0                       0 
   178    -0.01691562699232196    -0.01714217119649208                       0   0.0002265442041701181                       0                       0                       0                       0                       0                       0 
   180     0.00102473013746244   0.0008323557403904808                       0   0.0001923743970719587                       0                       0                       0                       0                       0                       0 
   181    -0.01278884420096566    -0.01296785546900578                       0    0.000179011268040125                       0                       0                       0                       0                       0                       0 
   183   0.0005525937203525677   0.0004338201705240904                       0   0.0001187735498284774                       0                       0                       0                       0                       0                       0 
   184   -0.006364321662028919   -0.006412801307561178                       0   4.847964553225912e-05                       0                       0                       0                       0                       0                       0 
   198    0.000205032617871341    0.001011712183614505                       0  -0.0008066795657431645                       0                       0                       0                       0                       0                       0 
   199    -0.01460611688847801    -0.01505121818630014                       0   0.0004451012978221289                       0                       0                       0                       0                       0                       0 
   201   0.0008832772289387083    0.001198694013103632                       0  -0.0003154167841649235                       0                       0                       0                       0                       0                       0 
   202    -0.01578030143609804    -0.01602096114794831                       0    0.000240659711850276                       0                       0                       0                       0                       0                       0 
   204    0.001601061345960354    0.001454638566588984                       0   0.0001464227793713696                       0                       0                       0                       0                       0                       0 
   205    -0.01767216120225445     -0.0179090143613706                       0   0.0002368531591161478                       0                       0                       0                       0                       0                       0 
   207    0.001615677248049313    0.001566492641408091                       0   4.918460664122187e-05                       0                       0                       0                       0                       0                       0 
   208    -0.01617779559814118    -0.01627564646255506                       0   9.785086441388842e-05                       0                       0                       0                       0                       0                       0 
   222   4.790481103993062e-05     0.00227251273166519                       0    -0.00222460792062526                       0                       0                       0                       0                       0                       0 
   223    0.002059851172650639    0.001732081655638605                       0   0.0003277695170120341                       0                       0                       0                       0                       0                       0 
   225   0.0002505555665799953    0.002028148423700795                       0     -0.0017775928571208                       0                       0                       0                       0                       0                       0 
   226    0.004452991685993449    0.004348003683326946                       0   0.0001049880026665032                       0                       0                       0                       0                       0                       0 
   228   0.0006637453200296112    0.001920296259973817                       0   -0.001256550939944206                       0                       0                       0                       0                       0                       0 
   229    0.004772549909095111    0.004746211809021788                       0   2.633810007332285e-05                       0                       0                       0                       0                       0                       0 
   231    0.001130329031159655    0.002180908680191657                       0   -0.001050579649032002                       0                       0                       0                       0                       0                       0 
   232    0.003066008586631573    0.003038676274788669                       0   2.733231184290462e-05                       0                       0                       0                       0                       0                       0 
   246  -7.426752092094509e-05    0.002200717072548461                       0   -0.002274984593469406                       0                       0                       0                       0                       0                       0 
   247    0.005557804142669339    0.005300116081163445                       0   0.0002576880615058945                       0                       0                       0                       0                       0                       0 
   249   6.761359762742477e-05     0.00228372275447693                       0   -0.002216109156849506                       0                       0                       0                       0                       0                       0 
   250    0.008773174135452196      0.0086945876504267                       0   7.858648502549577e-05                       0                       0                       0                       0                       0                       0 
   252   0.0003756317553160798    0.001950816498036266                       0   -0.001575184742720186                       0                       0                       0                       0                       0                       0 
   253     0.01000466934830071      0.0100305553980597                       0   -2.58860497589877e-05                       0                       0                       0                       0                       0                       0 
   255   0.0004905143196244227    0.001471180038784338                       0  -0.0009806657191599154                       0                       0                       0                       0                       0                       0 
   256    0.008218087981440929     0.00822587787022752                       0  -7.789888786589889e-06                       0                       0                       0                       0                       0                       0 
