#varID                   total                 dxdbVol                dxdbSurf                    dSdb                    dndb              dxdbDirect                    dVdb                distance                 options                    dvdb
   174     0.00117033005660477                       0                       0  -0.0004217604383300367                       0    0.001592090494934806                       0                       0                       0                       0 
   175     -0.1722405077506432                       0                       0     -0.0631995339891077                       0     -0.1090409737615355                       0                       0                       0                       0 
   177     0.01068908428134259                       0                       0    0.004146704715124975                       0    0.006542379566217613                       0                       0                       0                       0 
   178     -0.1880886926017022                       0                       0    -0.06892689503072871                       0     -0.1191617975709735                       0                       0                       0                       0 
   180     0.01488581103060738                       0                       0    0.006496456277859808                       0    0.008389354752747573                       0                       0                       0                       0 
   181     -0.1597900860054526                       0                       0    -0.05845678688405564                       0      -0.101333299121397                       0                       0                       0                       0 
   183     0.01090075425509995                       0                       0    0.004416653927748727                       0    0.006484100327351223                       0                       0                       0                       0 
   184    -0.09136386498513441                       0                       0    -0.03345416433417055                       0    -0.05790970065096385                       0                       0                       0                       0 
   198  -6.952118808223253e-06                       0                       0  -0.0002976964408882991                       0   0.0002907443220800758                       0                       0                       0                       0 
   199    -0.05873561510368151                       0                       0     -0.0215512352221159                       0    -0.03718437988156561                       0                       0                       0                       0 
   201    0.004921051373213234                       0                       0    0.001969166728423636                       0    0.002951884644789598                       0                       0                       0                       0 
   202    -0.07565595944344755                       0                       0    -0.02771903851595483                       0    -0.04793692092749272                       0                       0                       0                       0 
   204     0.01296618759749057                       0                       0    0.005534124002769915                       0    0.007432063594720652                       0                       0                       0                       0 
   205     -0.1195505774298592                       0                       0    -0.04374217540780895                       0    -0.07580840202205025                       0                       0                       0                       0 
   207     0.02043622221441901                       0                       0      0.0078816400576313                       0     0.01255458215678771                       0                       0                       0                       0 
   208     -0.1431668715529595                       0                       0    -0.05248052169935759                       0    -0.09068634985360188                       0                       0                       0                       0 
   222   -0.002981635701761124                       0                       0   -0.001056843349395138                       0   -0.001924792352365985                       0                       0                       0                       0 
   223     0.05161955285476061                       0                       0     0.01893435748221117                       0     0.03268519537254944                       0                       0                       0                       0 
   225     0.00124096506118186                       0                       0   0.0002952855006808608                       0   0.0009456795605009992                       0                       0                       0                       0 
   226     0.04825990419869212                       0                       0     0.01763645338290153                       0      0.0306234508157906                       0                       0                       0                       0 
   228    0.005413963128394563                       0                       0    0.002263191986313127                       0    0.003150771142081436                       0                       0                       0                       0 
   229     0.04740958430626037                       0                       0     0.01731124799782708                       0     0.03009833630843329                       0                       0                       0                       0 
   231     0.01552027419120915                       0                       0    0.005639807992591581                       0    0.009880466198617566                       0                       0                       0                       0 
   232     0.04399906022849107                       0                       0     0.01614147117696464                       0     0.02785758905152642                       0                       0                       0                       0 
   246   -0.007667100107936114                       0                       0   -0.002770414655539653                       0    -0.00489668545239646                       0                       0                       0                       0 
   247      0.1708551135823216                       0                       0     0.06265354463842776                       0      0.1082015689438938                       0                       0                       0                       0 
   249    0.003125740939856809                       0                       0   0.0004636072079802339                       0    0.002662133731876575                       0                       0                       0                       0 
   250      0.1883693316733736                       0                       0       0.068851633624345                       0      0.1195176980490286                       0                       0                       0                       0 
   252    0.008180196493196467                       0                       0     0.00351815464051159                       0    0.004662041852684876                       0                       0                       0                       0 
   253      0.1893438379556253                       0                       0     0.06915623765173785                       0      0.1201876003038874                       0                       0                       0                       0 
   255     0.01581014409389757                       0                       0    0.005869237121033704                       0    0.009940906972863862                       0                       0                       0                       0 
   256       0.162382019377719                       0                       0      0.0595135442049964                       0      0.1028684751727226                       0                       0                       0                       0 
