#varID                   total                 dxdbVol                dxdbSurf                    dSdb                    dndb              dxdbDirect                    dVdb                distance                 options                    dvdb
   174   0.0005572931254358301   0.0003667148587988992                       0   0.0001905782666369308                       0                       0                       0                       0                       0                       0 
   175    -0.01492287626534298     -0.0153874692312065                       0   0.0004645929658635203                       0                       0                       0                       0                       0                       0 
   177   0.0008449675577161142   0.0008064489935948707                       0   3.851856412124354e-05                       0                       0                       0                       0                       0                       0 
   178    -0.01566780333388737    -0.01583882837544566                       0   0.0001710250415582845                       0                       0                       0                       0                       0                       0 
   180   0.0008829196431148692   0.0007916278078144701                       0   9.129183530039914e-05                       0                       0                       0                       0                       0                       0 
   181    -0.01216194171659393    -0.01228719667721145                       0   0.0001252549606175156                       0                       0                       0                       0                       0                       0 
   183   0.0004269565750699373   0.0004242953047966628                       0    2.66127027327446e-06                       0                       0                       0                       0                       0                       0 
   184   -0.006393016938478042    -0.00640496439589084                       0   1.194745741279805e-05                       0                       0                       0                       0                       0                       0 
   198   0.0004769487625020988   0.0007831304275002448                       0  -0.0003061816649981459                       0                       0                       0                       0                       0                       0 
   199    -0.01427515464753972    -0.01480111310588263                       0   0.0005259584583429041                       0                       0                       0                       0                       0                       0 
   201   0.0008765556392780675    0.001069423981199752                       0   -0.000192868341921684                       0                       0                       0                       0                       0                       0 
   202    -0.01476585825738823     -0.0149517908952222                       0   0.0001859326378339718                       0                       0                       0                       0                       0                       0 
   204    0.001347229691584239    0.001391170144871763                       0   -4.39404532875232e-05                       0                       0                       0                       0                       0                       0 
   205      -0.017134554830225    -0.01728433855394035                       0   0.0001497837237153459                       0                       0                       0                       0                       0                       0 
   207    0.001277235391942945    0.001596979865876411                       0  -0.0003197444739334671                       0                       0                       0                       0                       0                       0 
   208    -0.01683852181259182    -0.01683193462340603                       0  -6.587189185782793e-06                       0                       0                       0                       0                       0                       0 
   222    0.000107022862789052    0.002385066426230723                       0   -0.002278043563441671                       0                       0                       0                       0                       0                       0 
   223    0.001908729505034883    0.001560939126411245                       0   0.0003477903786236384                       0                       0                       0                       0                       0                       0 
   225   0.0002516120374750415     0.00207446426787469                       0   -0.001822852230399648                       0                       0                       0                       0                       0                       0 
   226    0.003528538561401814    0.003447023184336441                       0   8.151537706537332e-05                       0                       0                       0                       0                       0                       0 
   228    0.000531961115889275    0.001830882557780004                       0   -0.001298921441890729                       0                       0                       0                       0                       0                       0 
   229    0.003623254766953956    0.003638915338537293                       0  -1.566057158333688e-05                       0                       0                       0                       0                       0                       0 
   231   0.0009437129059346372    0.002108155857134625                       0   -0.001164442951199988                       0                       0                       0                       0                       0                       0 
   232    0.002425621469232749    0.002447918566531971                       0  -2.229709729922182e-05                       0                       0                       0                       0                       0                       0 
   246  -6.343078120388864e-05    0.002354668672087972                       0    -0.00241809945329186                       0                       0                       0                       0                       0                       0 
   247    0.005226525168853941    0.004964742339421627                       0   0.0002617828294323145                       0                       0                       0                       0                       0                       0 
   249   6.004789648433092e-05    0.002352049513564334                       0   -0.002292001617080003                       0                       0                       0                       0                       0                       0 
   250    0.007288258092017694    0.007230141866770158                       0   5.811622524753666e-05                       0                       0                       0                       0                       0                       0 
   252   0.0003094022952648654    0.001875507336549883                       0   -0.001566105041285017                       0                       0                       0                       0                       0                       0 
   253    0.008383705559856102    0.008434919051496334                       0  -5.121349164023199e-05                       0                       0                       0                       0                       0                       0 
   255   0.0004036762639170494    0.001352207591091817                       0   -0.000948531327174768                       0                       0                       0                       0                       0                       0 
   256    0.007717615947384659    0.007740172130589456                       0  -2.255618320479688e-05                       0                       0                       0                       0                       0                       0 
