#varID                   total                 dxdbVol                dxdbSurf                    dSdb                    dndb              dxdbDirect                    dVdb                distance                 options                    dvdb
   174    0.002160875210432873                       0                       0  -0.0002867197074144808                       0    0.002447594917847353                       0                       0                       0                       0 
   175     -0.1722175754560075                       0                       0    -0.06319478725094958                       0      -0.109022788205058                       0                       0                       0                       0 
   177     0.01062888488842052                       0                       0    0.004138196615102931                       0    0.006490688273317589                       0                       0                       0                       0 
   178     -0.1881856659216396                       0                       0    -0.06893461833167323                       0     -0.1192510475899663                       0                       0                       0                       0 
   180     0.01403976223546619                       0                       0    0.006380734763072666                       0    0.007659027472393522                       0                       0                       0                       0 
   181     -0.1599419971557025                       0                       0    -0.05847120495980078                       0     -0.1014707921959017                       0                       0                       0                       0 
   183     0.01036990680659838                       0                       0    0.004344351292778035                       0    0.006025555513820349                       0                       0                       0                       0 
   184    -0.09140693318777843                       0                       0    -0.03345956123749144                       0    -0.05794737195028699                       0                       0                       0                       0 
   198   0.0003372745717104953                       0                       0  -0.0002507802943111448                       0   0.0005880548660216401                       0                       0                       0                       0 
   199    -0.05872883860297674                       0                       0    -0.02154988010921473                       0    -0.03717895849376202                       0                       0                       0                       0 
   201    0.004838285591529315                       0                       0     0.00195772429489503                       0    0.002880561296634286                       0                       0                       0                       0 
   202    -0.07569863936683122                       0                       0    -0.02772264752309004                       0    -0.04797599184374118                       0                       0                       0                       0 
   204     0.01224367905844847                       0                       0    0.005435427784506229                       0    0.006808251273942243                       0                       0                       0                       0 
   205     -0.1196495016589814                       0                       0    -0.04375229600907344                       0    -0.07589720564990796                       0                       0                       0                       0 
   207     0.01975953189131034                       0                       0    0.007789881546769605                       0     0.01196965034454073                       0                       0                       0                       0 
   208     -0.1431755834820594                       0                       0    -0.05248488274318243                       0    -0.09069070073887696                       0                       0                       0                       0 
   222   -0.003106778563289983                       0                       0   -0.001074079688036869                       0   -0.002032698875253114                       0                       0                       0                       0 
   223     0.05160292267474144                       0                       0      0.0189306672308458                       0     0.03267225544389564                       0                       0                       0                       0 
   225     0.00132161918832331                       0                       0   0.0003059827010061509                       0    0.001015636487317159                       0                       0                       0                       0 
   226     0.04834159088040975                       0                       0     0.01764227761598712                       0     0.03069931326442262                       0                       0                       0                       0 
   228    0.005130116126906042                       0                       0    0.002224464765035765                       0    0.002905651361870277                       0                       0                       0                       0 
   229     0.04750630289630474                       0                       0     0.01731787934638416                       0     0.03018842354992059                       0                       0                       0                       0 
   231     0.01564089546128468                       0                       0    0.005656520508957171                       0    0.009984374952327504                       0                       0                       0                       0 
   232     0.04396684583227664                       0                       0     0.01613250862209206                       0     0.02783433721018459                       0                       0                       0                       0 
   246   -0.008010396009267449                       0                       0   -0.002817795239506111                       0   -0.005192600769761338                       0                       0                       0                       0 
   247      0.1708313810659934                       0                       0     0.06264484188103996                       0      0.1081865391849534                       0                       0                       0                       0 
   249    0.003503337311905855                       0                       0   0.0005140597160827624                       0    0.002989277595823093                       0                       0                       0                       0 
   250      0.1886738350915242                       0                       0     0.06887372313114672                       0      0.1198001119603775                       0                       0                       0                       0 
   252    0.007615192604149059                       0                       0    0.003440999383556189                       0    0.004174193220592869                       0                       0                       0                       0 
   253      0.1896997686065187                       0                       0     0.06918356754432367                       0      0.1205162010621951                       0                       0                       0                       0 
   255     0.01599699296319601                       0                       0    0.005894812277578964                       0     0.01010218068561705                       0                       0                       0                       0 
   256      0.1623837742096617                       0                       0     0.05950562741782704                       0      0.1028781467918347                       0                       0                       0                       0 
