#varID                   total                 dxdbVol                dxdbSurf                    dSdb                    dndb              dxdbDirect                    dVdb                distance                 options                    dvdb
   174    0.004093679407937336                       0                       0  -2.361654955546557e-05                       0    0.004117295957492802                       0                       0                       0                       0 
   175     -0.1722307813159314                       0                       0    -0.06318683552771737                       0     -0.1090439457882141                       0                       0                       0                       0 
   177     0.01114718333418194                       0                       0    0.004207109463696522                       0    0.006940073870485414                       0                       0                       0                       0 
   178     -0.1887023551494239                       0                       0    -0.06897626599236664                       0     -0.1197260891570573                       0                       0                       0                       0 
   180     0.01390655521005875                       0                       0    0.006361033727434714                       0    0.007545521482624033                       0                       0                       0                       0 
   181     -0.1603855496227031                       0                       0    -0.05850967145958921                       0     -0.1018758781631139                       0                       0                       0                       0 
   183    0.009409465697182314                       0                       0    0.004213589783375677                       0    0.005195875913806636                       0                       0                       0                       0 
   184    -0.09147043512690807                       0                       0    -0.03346898880755125                       0    -0.05800144631935682                       0                       0                       0                       0 
   198    0.001004945236283033                       0                       0  -0.0001599530981930994                       0    0.001164898334476133                       0                       0                       0                       0 
   199    -0.05873667888710263                       0                       0    -0.02154787830342998                       0    -0.03718880058367265                       0                       0                       0                       0 
   201    0.005054553642091593                       0                       0    0.001986367093796273                       0    0.003068186548295321                       0                       0                       0                       0 
   202    -0.07590426930642369                       0                       0    -0.02773945391547124                       0    -0.04816481539095246                       0                       0                       0                       0 
   204     0.01175593203682724                       0                       0    0.005368164443788478                       0    0.006387767593038765                       0                       0                       0                       0 
   205     -0.1198934474524619                       0                       0    -0.04377537137448736                       0    -0.07611807607797449                       0                       0                       0                       0 
   207     0.01777351500502653                       0                       0     0.00752059089502578                       0     0.01025292411000075                       0                       0                       0                       0 
   208     -0.1431225187154164                       0                       0    -0.05249216873495471                       0    -0.09063034998046166                       0                       0                       0                       0 
   222   -0.003679354500708257                       0                       0   -0.001153016199785938                       0   -0.002526338300922319                       0                       0                       0                       0 
   223     0.05152787923073415                       0                       0     0.01891719830337581                       0     0.03261068092735835                       0                       0                       0                       0 
   225     0.00146437606723312                       0                       0   0.0003242031740903591                       0    0.001140172893142761                       0                       0                       0                       0 
   226     0.04866088254680158                       0                       0     0.01766687204520795                       0     0.03099401050159363                       0                       0                       0                       0 
   228    0.004887239422073681                       0                       0    0.002191306739100287                       0    0.002695932682973394                       0                       0                       0                       0 
   229     0.04788635064011759                       0                       0     0.01734595182594028                       0     0.03054039881417732                       0                       0                       0                       0 
   231     0.01581869971044316                       0                       0    0.005682305803249092                       0     0.01013639390719407                       0                       0                       0                       0 
   232     0.04385141071210372                       0                       0     0.01610325876614553                       0     0.02774815194595818                       0                       0                       0                       0 
   246   -0.009712300601550004                       0                       0   -0.003052494880011618                       0   -0.006659805721538387                       0                       0                       0                       0 
   247      0.1707150031223029                       0                       0     0.06261431374427805                       0      0.1081006893780249                       0                       0                       0                       0 
   249     0.00405657154736648                       0                       0   0.0005852810518574568                       0    0.003471290495509024                       0                       0                       0                       0 
   250      0.1898718549325235                       0                       0     0.06896692723440935                       0      0.1209049276981141                       0                       0                       0                       0 
   252    0.007212202700448359                       0                       0     0.00338560800976637                       0    0.003826594690681989                       0                       0                       0                       0 
   253      0.1910376350063822                       0                       0     0.06928927696076005                       0      0.1217483580456222                       0                       0                       0                       0 
   255      0.0168618560020294                       0                       0    0.006014265938198385                       0     0.01084759006383102                       0                       0                       0                       0 
   256       0.162373142788298                       0                       0     0.05948074875283233                       0      0.1028923940354656                       0                       0                       0                       0 
