#varID                   total                 dxdbVol                dxdbSurf                    dSdb                    dndb              dxdbDirect                    dVdb                distance                 options                    dvdb
   174    0.002990433794312418                       0                       0  -0.0001737625821041636                       0    0.003164196376416582                       0                       0                       0                       0 
   175     -0.1722235881733627                       0                       0    -0.06319207077620465                       0     -0.1090315173971581                       0                       0                       0                       0 
   177     0.01079722695655676                       0                       0    0.004160514205094513                       0    0.006636712751462243                       0                       0                       0                       0 
   178     -0.1883801969090819                       0                       0    -0.06895037286283891                       0     -0.1194298240462429                       0                       0                       0                       0 
   180     0.01383502449342827                       0                       0    0.006352292500459702                       0    0.007482731992968571                       0                       0                       0                       0 
   181     -0.1601141296297004                       0                       0    -0.05848638660773893                       0     -0.1016277430219615                       0                       0                       0                       0 
   183    0.009925390423724078                       0                       0    0.004283893764846278                       0      0.0056414966588778                       0                       0                       0                       0 
   184    -0.09143374739812232                       0                       0    -0.03346370707813627                       0    -0.05797004031998605                       0                       0                       0                       0 
   198   0.0006252976762567666                       0                       0   -0.000211585264378261                       0   0.0008368829406350276                       0                       0                       0                       0 
   199    -0.05873214250383875                       0                       0    -0.02154922641245533                       0    -0.03718291609138342                       0                       0                       0                       0 
   201    0.004898934795940492                       0                       0     0.00196568991387009                       0    0.002933244882070402                       0                       0                       0                       0 
   202    -0.07577606653247138                       0                       0    -0.02772901516267049                       0    -0.04804705136980089                       0                       0                       0                       0 
   204     0.01192985857555657                       0                       0    0.005392409820012882                       0    0.006537448755543691                       0                       0                       0                       0 
   205     -0.1197457537525013                       0                       0    -0.04376166523957847                       0    -0.07598408851292285                       0                       0                       0                       0 
   207     0.01894173990967139                       0                       0    0.007679140868217219                       0     0.01126259904145417                       0                       0                       0                       0 
   208     -0.1431567172566905                       0                       0    -0.05248835766271606                       0    -0.09066835959397442                       0                       0                       0                       0 
   222   -0.003320123983739701                       0                       0   -0.001103506458928679                       0   -0.002216617524811022                       0                       0                       0                       0 
   223     0.05157621430337492                       0                       0     0.01892584112484793                       0       0.032650373178527                       0                       0                       0                       0 
   225    0.001370206527138196                       0                       0   0.0003121636882765662                       0     0.00105804283886163                       0                       0                       0                       0 
   226     0.04846696964799307                       0                       0     0.01765197866771802                       0     0.03081499098027506                       0                       0                       0                       0 
   228    0.004973914255950753                       0                       0    0.002203161782293858                       0    0.002770752473656895                       0                       0                       0                       0 
   229     0.04765176886762965                       0                       0     0.01732848992508464                       0     0.03032327894254501                       0                       0                       0                       0 
   231     0.01573097692502372                       0                       0    0.005669408844149187                       0     0.01006156808087454                       0                       0                       0                       0 
   232     0.04392067838545702                       0                       0     0.01612073865977073                       0     0.02779993972568629                       0                       0                       0                       0 
   246   -0.008643492781742474                       0                       0   -0.002905144798807989                       0   -0.005738347982934485                       0                       0                       0                       0 
   247       0.170794838198297                       0                       0     0.06263431228612457                       0      0.1081605259121724                       0                       0                       0                       0 
   249    0.003707238901633422                       0                       0   0.0005403613130997239                       0    0.003166877588533699                       0                       0                       0                       0 
   250      0.1891434845176432                       0                       0     0.06891040784485446                       0      0.1202330766727888                       0                       0                       0                       0 
   252    0.007312918244900081                       0                       0    0.003399632198218032                       0    0.003913286046682048                       0                       0                       0                       0 
   253      0.1902135730773184                       0                       0     0.06922398814572839                       0        0.12098958493159                       0                       0                       0                       0 
   255     0.01632724556971776                       0                       0    0.005940335915035714                       0     0.01038690965468205                       0                       0                       0                       0 
   256      0.1623771141212273                       0                       0     0.05949545586484592                       0      0.1028816582563814                       0                       0                       0                       0 
