#    J                     JCycle                
1    -0.05025405921673056  -0.05025405921673056  
2    -0.05262883524765027  -0.05262883524765027  
3    -0.05480105892771472  -0.05480105892771472  
4    -0.05681962839342557  -0.05681962839342557  
5    -0.05871410979661022  -0.05871410979661022  
6    -0.06050312354013316  -0.06050312354013316  
7    -0.06219891814627293  -0.06219891814627293  
8    -0.06381003791458471  -0.06381003791458471  
9    -0.06534243057261904  -0.06534243057261904  
10   -0.0668013060166195   -0.0668013060166195   
11   -0.06819042718456007  -0.06819042718456007  
12   -0.06951360793090219  -0.06951360793090219  
13   -0.07077374815372026  -0.07077374815372026  
14   -0.07197356071019795  -0.07197356071019795  
15   -0.07311554994423874  -0.07311554994423874  
