#    VInit                 0.01037504956222167  
#    J                     JCycle                
1    0                     0                     
2    -3.014615707564662e-06 -3.014615707564662e-06 
3    -1.406533373103578e-06 -1.406533373103578e-06 
4    -7.405919092156313e-07 -7.405919092156313e-07 
5    -2.981080027832315e-07 -2.981080027832315e-07 
6    2.937666336575671e-08 2.937666336575671e-08 
7    2.676793848858005e-07 2.676793848858005e-07 
8    4.390502621835402e-07 4.390502621835402e-07 
9    5.653581276720476e-07 5.653581276720476e-07 
10   6.656546964898223e-07 6.656546964898223e-07 
11   7.527749176535938e-07 7.527749176535938e-07 
12   8.155711552190821e-07 8.155711552190821e-07 
13   6.708699733273897e-07 6.708699733273897e-07 
14   -2.325056459204285e-06 -2.325056459204285e-06 
