#varID                   total                 dxdbVol                dxdbSurf                    dSdb                    dndb              dxdbDirect                    dVdb                distance                 options                    dvdb
   174  -8.661970569181208e-06  -0.0007923625293679452                       0    0.000783700558798764                       0                       0                       0                       0                       0                       0 
   175  -0.0009191314700784075    0.001378753071979916                       0   -0.002297884542058324                       0                       0                       0                       0                       0                       0 
   177   4.321577483731734e-05  -0.0006029707678741639                       0   0.0006461865427114812                       0                       0                       0                       0                       0                       0 
   178   -0.001073389930337582  -0.0001141301825529993                       0  -0.0009592597477845823                       0                       0                       0                       0                       0                       0 
   180   7.243802744026932e-05  -0.0002785564267146421                       0   0.0003509944541549114                       0                       0                       0                       0                       0                       0 
   181  -0.0007505800865378213  -0.0009234642014182559                       0   0.0001728841148804346                       0                       0                       0                       0                       0                       0 
   183   4.479648167344878e-05  -4.751157606305114e-05                       0   9.230805773649992e-05                       0                       0                       0                       0                       0                       0 
   184  -0.0003683663335317368  -0.0006174375058492538                       0    0.000249071172317517                       0                       0                       0                       0                       0                       0 
   198  -2.726447121794643e-05  -0.0009538186652013354                       0   0.0009265541939833889                       0                       0                       0                       0                       0                       0 
   199   -0.000669803472945478    0.002031453424534297                       0   -0.002701256897479774                       0                       0                       0                       0                       0                       0 
   201   4.958705455890397e-05  -0.0006209340235457098                       0   0.0006705210781046138                       0                       0                       0                       0                       0                       0 
   202  -0.0008787597476808222   0.0001440821164295991                       0   -0.001022841864110421                       0                       0                       0                       0                       0                       0 
   204   0.0001221929562594288  -0.0003735975455993964                       0   0.0004957905018588252                       0                       0                       0                       0                       0                       0 
   205  -0.0009316309785677893   -0.001202554447782586                       0   0.0002709234692147971                       0                       0                       0                       0                       0                       0 
   207   0.0001360134744897048  -0.0001142852263106185                       0   0.0002502987008003234                       0                       0                       0                       0                       0                       0 
   208   -0.000852286500909802   -0.001337255940684403                       0   0.0004849694397746007                       0                       0                       0                       0                       0                       0 
   222  -5.519738467169521e-05  -0.0009642788692163439                       0   0.0009090814845446487                       0                       0                       0                       0                       0                       0 
   223    0.001262008788729542    0.003360682893410297                       0   -0.002098674104680754                       0                       0                       0                       0                       0                       0 
   225   -6.21798861882134e-06  -0.0004438185040766692                       0   0.0004376005154578479                       0                       0                       0                       0                       0                       0 
   226     0.00103580601628323    0.002441505871122216                       0   -0.001405699854838986                       0                       0                       0                       0                       0                       0 
   228   5.634136204257941e-05  -0.0003221636830927776                       0    0.000378505045135357                       0                       0                       0                       0                       0                       0 
   229   0.0009451249729001753    0.001834465844484166                       0  -0.0008893408715839906                       0                       0                       0                       0                       0                       0 
   231   0.0001133582726333589   -0.000254089745475933                       0   0.0003674480181092919                       0                       0                       0                       0                       0                       0 
   232   0.0006476248485824961    0.001448402955386988                       0  -0.0008007781068044923                       0                       0                       0                       0                       0                       0 
   246  -4.230997352712234e-05  -0.0008051414726363388                       0   0.0007628314991092165                       0                       0                       0                       0                       0                       0 
   247    0.001456120409193888    0.003315419520023025                       0   -0.001859299110829137                       0                       0                       0                       0                       0                       0 
   249  -1.869377848401046e-05  -0.0004329313994012238                       0   0.0004142376209172133                       0                       0                       0                       0                       0                       0 
   250    0.001518158857904825    0.003117206571663829                       0   -0.001599047713759005                       0                       0                       0                       0                       0                       0 
   252   2.659328248814344e-05  -0.0003058099621108159                       0   0.0003324032445989594                       0                       0                       0                       0                       0                       0 
   253     0.00141008042391895    0.002576480832353623                       0   -0.001166400408434672                       0                       0                       0                       0                       0                       0 
   255   5.308412453506269e-05  -0.0002108579076261193                       0    0.000263942032161182                       0                       0                       0                       0                       0                       0 
   256   0.0009366333363652949    0.001820831504650428                       0  -0.0008841981682851329                       0                       0                       0                       0                       0                       0 
