#varID                   total                 dxdbVol                dxdbSurf                    dSdb                    dndb              dxdbDirect                    dVdb                distance                 options                    dvdb
   174   1.415409276631964e-05  -0.0007826065903607211                       0   0.0007967606831270407                       0                       0                       0                       0                       0                       0 
   175  -0.0007516159605255861   0.0006568740044736502                       0   -0.001408489964999236                       0                       0                       0                       0                       0                       0 
   177   3.379239706349948e-05  -0.0004463663502342255                       0    0.000480158747297725                       0                       0                       0                       0                       0                       0 
   178  -0.0008030706045912545  -0.0003027339922914837                       0  -0.0005003366122997708                       0                       0                       0                       0                       0                       0 
   180    4.40874896720493e-05  -0.0002157696495459552                       0   0.0002598571392180045                       0                       0                       0                       0                       0                       0 
   181  -0.0005884922434068443  -0.0006473032418628258                       0    5.88109984559815e-05                       0                       0                       0                       0                       0                       0 
   183   3.353028211944018e-05   -3.01466493667004e-05                       0   6.367693148614059e-05                       0                       0                       0                       0                       0                       0 
   184   -0.000327650501855454  -0.0004419942899931008                       0   0.0001143437881376469                       0                       0                       0                       0                       0                       0 
   198  -3.082824165479307e-06  -0.0009780038011259879                       0   0.0009749209769605086                       0                       0                       0                       0                       0                       0 
   199    -0.00056440454410951    0.001438517701491528                       0   -0.002002922245601038                       0                       0                       0                       0                       0                       0 
   201   3.603478750095263e-05   -0.000464587154995138                       0   0.0005006219424960906                       0                       0                       0                       0                       0                       0 
   202  -0.0006565789656406417   8.113759661026922e-06                       0  -0.0006646927253016686                       0                       0                       0                       0                       0                       0 
   204   7.971766373001299e-05  -0.0002781491289208544                       0   0.0003578667926508674                       0                       0                       0                       0                       0                       0 
   205  -0.0007344269914963371  -0.0007901972740654797                       0   5.577028256914258e-05                       0                       0                       0                       0                       0                       0 
   207   9.717955787886073e-05  -7.500228196115558e-05                       0   0.0001721818398400163                       0                       0                       0                       0                       0                       0 
   208  -0.0007803247910637976  -0.0008910396582097022                       0   0.0001107148671459046                       0                       0                       0                       0                       0                       0 
   222  -7.445029617668799e-06   -0.001011038914707052                       0    0.001003593885089383                       0                       0                       0                       0                       0                       0 
   223   0.0009924308862433256    0.003730197674038965                       0   -0.002737766787795639                       0                       0                       0                       0                       0                       0 
   225  -3.459695309517734e-06  -0.0002989412041912381                       0   0.0002954815088817204                       0                       0                       0                       0                       0                       0 
   226   0.0006798359938701159    0.002284000714553063                       0   -0.001604164720682947                       0                       0                       0                       0                       0                       0 
   228   2.346881139725769e-05  -0.0001957268034022168                       0   0.0002191956147994745                       0                       0                       0                       0                       0                       0 
   229    0.000701930562702229     0.00157051722088202                       0  -0.0008685866581797911                       0                       0                       0                       0                       0                       0 
   231   6.728060651727105e-05  -0.0001650660911818219                       0   0.0002323466976990929                       0                       0                       0                       0                       0                       0 
   232   0.0006286311982106552    0.001334350489228257                       0  -0.0007057192910176015                       0                       0                       0                       0                       0                       0 
   246   8.458054702967124e-06   -0.000806597950119299                       0   0.0008150560048222662                       0                       0                       0                       0                       0                       0 
   247    0.001104096556332146    0.003757287876682038                       0   -0.002653191320349892                       0                       0                       0                       0                       0                       0 
   249  -1.457322685931197e-05  -0.0002703450162853413                       0   0.0002557717894260293                       0                       0                       0                       0                       0                       0 
   250    0.001041665114368979    0.002935104947013437                       0   -0.001893439832644458                       0                       0                       0                       0                       0                       0 
   252  -1.552834782847138e-06  -0.0001784711424126547                       0   0.0001769183076298076                       0                       0                       0                       0                       0                       0 
   253    0.001066149566620685    0.002154312562358972                       0   -0.001088162995738287                       0                       0                       0                       0                       0                       0 
   255   2.112561646288458e-05  -0.0001256330923786549                       0   0.0001467587088415394                       0                       0                       0                       0                       0                       0 
   256   0.0008734351685282834    0.001548093343333746                       0  -0.0006746581748054629                       0                       0                       0                       0                       0                       0 
