#varID                   total                 dxdbVol                dxdbSurf                    dSdb                    dndb              dxdbDirect                    dVdb                distance                 options                    dvdb
   174  -2.113341354927111e-05  -0.0007897167421611717                       0   0.0007685833286119006                       0                       0                       0                       0                       0                       0 
   175   -0.001006605650177728    0.001742277836372345                       0   -0.002748883486550073                       0                       0                       0                       0                       0                       0 
   177   4.827859100923961e-05  -0.0006824106990399933                       0   0.0007306892900492329                       0                       0                       0                       0                       0                       0 
   178   -0.001234044033176515  -2.297802179629073e-05                       0   -0.001211066011380224                       0                       0                       0                       0                       0                       0 
   180   8.858950003729464e-05  -0.0003120083150735869                       0   0.0004005978151108816                       0                       0                       0                       0                       0                       0 
   181  -0.0008387769455234686   -0.001086449653161379                       0   0.0002476727076379107                       0                       0                       0                       0                       0                       0 
   183   5.084007145705172e-05  -5.268993119451607e-05                       0   0.0001035300026515678                       0                       0                       0                       0                       0                       0 
   184   -0.000386419623939982  -0.0007077996395511419                       0   0.0003213800156111599                       0                       0                       0                       0                       0                       0 
   198  -4.254593305689591e-05  -0.0009349435004360331                       0   0.0008923975673791372                       0                       0                       0                       0                       0                       0 
   199  -0.0007193270894568417    0.002318497875860614                       0   -0.003037824965317456                       0                       0                       0                       0                       0                       0 
   201    5.67214537091252e-05  -0.0007034202689926538                       0    0.000760141722701779                       0                       0                       0                       0                       0                       0 
   202   -0.001001256789162439   0.0002119869880371251                       0   -0.001213243777199565                       0                       0                       0                       0                       0                       0 
   204    0.000147289100411022  -0.0004216252811665312                       0   0.0005689143815775532                       0                       0                       0                       0                       0                       0 
   205   -0.001031746351785258   -0.001429999026378424                       0   0.0003982526745931661                       0                       0                       0                       0                       0                       0 
   207   0.0001538236837127316  -0.0001231768532842372                       0   0.0002770005369969688                       0                       0                       0                       0                       0                       0 
   208  -0.0008852226551489049   -0.001553413183574303                       0   0.0006681905284253984                       0                       0                       0                       0                       0                       0 
   222  -8.980345258230069e-05  -0.0009286581456818324                       0   0.0008388546930995317                       0                       0                       0                       0                       0                       0 
   223    0.001429266259312133    0.003103647272266715                       0   -0.001674381012954582                       0                       0                       0                       0                       0                       0 
   225   -8.77597541626288e-06  -0.0005373235011723067                       0   0.0005285475257560438                       0                       0                       0                       0                       0                       0 
   226     0.00127471520881134    0.002545839997617501                       0   -0.001271124788806161                       0                       0                       0                       0                       0                       0 
   228   7.984357090898411e-05  -0.0003958197047050674                       0   0.0004756632756140515                       0                       0                       0                       0                       0                       0 
   229     0.00106424466981332    0.002015057739090746                       0  -0.0009508130692774256                       0                       0                       0                       0                       0                       0 
   231   0.0001325528548615784  -0.0002850610895970767                       0   0.0004176139444586551                       0                       0                       0                       0                       0                       0 
   232   0.0006173935959991084    0.001490550158918248                       0  -0.0008731565629191393                       0                       0                       0                       0                       0                       0 
   246  -7.971515911202841e-05   -0.000794073012991973                       0   0.0007143578538799446                       0                       0                       0                       0                       0                       0 
   247     0.00168166666688286    0.003020505478452812                       0   -0.001338838811569952                       0                       0                       0                       0                       0                       0 
   249  -2.251305258841045e-05  -0.0005425756155416565                       0    0.000520062562953246                       0                       0                       0                       0                       0                       0 
   250    0.001842824607503842    0.003251057147808073                       0   -0.001408232540304231                       0                       0                       0                       0                       0                       0 
   252   4.866175199505214e-05  -0.0003857978115343732                       0   0.0004344595635294253                       0                       0                       0                       0                       0                       0 
   253    0.001587167252418498     0.00285998313174231                       0   -0.001272815879323812                       0                       0                       0                       0                       0                       0 
   255   6.793201162483834e-05  -0.0002451348706615314                       0   0.0003130668822863697                       0                       0                       0                       0                       0                       0 
   256   0.0009319274538906925    0.001949489129429711                       0   -0.001017561675539018                       0                       0                       0                       0                       0                       0 
