#varID                   total                 dxdbVol                dxdbSurf                    dSdb                    dndb              dxdbDirect                    dVdb                distance                 options                    dvdb
   174   2.085941051702524e-05  -0.0007751577415967118                       0   0.0007960171521137371                       0                       0                       0                       0                       0                       0 
   175  -0.0006993963914958875   0.0004247700460958249                       0   -0.001124166437591712                       0                       0                       0                       0                       0                       0 
   177   3.090711131858374e-05  -0.0003960687708152326                       0   0.0004269758821338164                       0                       0                       0                       0                       0                       0 
   178  -0.0007280965357277188   -0.000364144673108575                       0  -0.0003639518626191439                       0                       0                       0                       0                       0                       0 
   180    3.59840467093466e-05  -0.0001971242347164697                       0   0.0002331082814258163                       0                       0                       0                       0                       0                       0 
   181  -0.0005398125536920041  -0.0005721930677870202                       0   3.238051409501604e-05                       0                       0                       0                       0                       0                       0 
   183   3.027259765288337e-05  -2.241931882931254e-05                       0   5.269191648219591e-05                       0                       0                       0                       0                       0                       0 
   184  -0.0003131180356241671   -0.000388218521545419                       0   7.510048592125196e-05                       0                       0                       0                       0                       0                       0 
   198   2.988811593561663e-06  -0.0009821430546938614                       0   0.0009851318662874231                       0                       0                       0                       0                       0                       0 
   199  -0.0005294021199302697    0.001241439812532007                       0   -0.001770841932462277                       0                       0                       0                       0                       0                       0 
   201   3.178648942385128e-05  -0.0004158985958403897                       0    0.000447685085264241                       0                       0                       0                       0                       0                       0 
   202  -0.0005913125686406622  -3.605120708014329e-05                       0   -0.000555261361560519                       0                       0                       0                       0                       0                       0 
   204   6.823198500502544e-05   -0.000248116306216585                       0   0.0003163482912216105                       0                       0                       0                       0                       0                       0 
   205  -0.0006705959421802803  -0.0006707108353577701                       0   1.148931774897931e-07                       0                       0                       0                       0                       0                       0 
   207   8.417177650875758e-05  -5.544673727837753e-05                       0   0.0001396185137871351                       0                       0                       0                       0                       0                       0 
   208  -0.0007535787852114806     -0.0007431187062869                       0  -1.046007892458054e-05                       0                       0                       0                       0                       0                       0 
   222   3.107889740797988e-06   -0.001020224113795572                       0     0.00102333200353637                       0                       0                       0                       0                       0                       0 
   223   0.0009181680243618004    0.003812260187086919                       0   -0.002894092162725119                       0                       0                       0                       0                       0                       0 
   225  -3.307015994094965e-06  -0.0002610207828169302                       0   0.0002577137668228353                       0                       0                       0                       0                       0                       0 
   226   0.0005897628183288844    0.002240629826510571                       0   -0.001650867008181687                       0                       0                       0                       0                       0                       0 
   228   1.630311466533691e-05  -0.0001608158461375592                       0   0.0001771189608028961                       0                       0                       0                       0                       0                       0 
   229   0.0006271116135297103    0.001509653114848367                       0  -0.0008825415013186565                       0                       0                       0                       0                       0                       0 
   231   5.168545982084074e-05  -0.0001295604643030814                       0   0.0001812459241239221                       0                       0                       0                       0                       0                       0 
   232   0.0006062728193195826    0.001298754743307535                       0  -0.0006924819239879523                       0                       0                       0                       0                       0                       0 
   246   1.948518150414393e-05  -0.0008022662683652425                       0   0.0008217514498693864                       0                       0                       0                       0                       0                       0 
   247    0.001010313136624168    0.003861132306128463                       0   -0.002850819169504295                       0                       0                       0                       0                       0                       0 
   249  -1.428871594743528e-05  -0.0002297104364573808                       0   0.0002154217205099455                       0                       0                       0                       0                       0                       0 
   250   0.0009228545191518967    0.002889811273563304                       0   -0.001966956754411408                       0                       0                       0                       0                       0                       0 
   252  -7.035631183332993e-06  -0.0001460543542085109                       0   0.0001390187230251779                       0                       0                       0                       0                       0                       0 
   253   0.0009627265652950776    0.002053530891289004                       0   -0.001090804325993927                       0                       0                       0                       0                       0                       0 
   255   1.146219571701613e-05  -9.501785903665606e-05                       0   0.0001064800547536722                       0                       0                       0                       0                       0                       0 
   256   0.0008387535723493327    0.001464167949139169                       0  -0.0006254143767898367                       0                       0                       0                       0                       0                       0 
