#varID                   total                 dxdbVol                dxdbSurf                    dSdb                    dndb              dxdbDirect                    dVdb                distance                 options                    dvdb
   174   1.696544502777209e-06  -0.0007905461850008828                       0     0.00079224272950366                       0                       0                       0                       0                       0                       0 
   175  -0.0008446271854783995    0.001061863509203684                       0   -0.001906490694682083                       0                       0                       0                       0                       0                       0 
   177   3.898427565663342e-05  -0.0005340969848568166                       0     0.00057308126051345                       0                       0                       0                       0                       0                       0 
   178  -0.0009473655764212572   -0.000196085322349408                       0  -0.0007512802540718492                       0                       0                       0                       0                       0                       0 
   180   5.939383715540498e-05  -0.0002502627131429032                       0   0.0003096565502983082                       0                       0                       0                       0                       0                       0 
   181   -0.000677442801786928  -0.0007943682545142422                       0   0.0001169254527273142                       0                       0                       0                       0                       0                       0 
   183   3.969059550731836e-05  -4.110674964495241e-05                       0   8.079734515227077e-05                       0                       0                       0                       0                       0                       0 
   184   -0.000351344433831484  -0.0005393875440656541                       0   0.0001880431102341701                       0                       0                       0                       0                       0                       0 
   198  -1.565935429155996e-05  -0.0009665583089262321                       0   0.0009508989546346721                       0                       0                       0                       0                       0                       0 
   199  -0.0006243799166008631     0.00177488046399749                       0   -0.002399260380598353                       0                       0                       0                       0                       0                       0 
   201   4.355554666386405e-05  -0.0005512370927481093                       0   0.0005947926394119734                       0                       0                       0                       0                       0                       0 
   202  -0.0007776869353494707   8.471397922562744e-05                       0  -0.0008624009145750981                       0                       0                       0                       0                       0                       0 
   204   0.0001023166001113249  -0.0003315426088084206                       0   0.0004338592089197454                       0                       0                       0                       0                       0                       0 
   205  -0.0008451873267237488   -0.001014533010091868                       0   0.0001693456833681193                       0                       0                       0                       0                       0                       0 
   207   0.0001194090102767129  -0.0001008438556078143                       0   0.0002202528658845271                       0                       0                       0                       0                       0                       0 
   208   -0.000822359048533036   -0.001144268576237376                       0   0.0003219095277043403                       0                       0                       0                       0                       0                       0 
   222  -3.119705821853487e-05   -0.000988420955608053                       0   0.0009572238973895182                       0                       0                       0                       0                       0                       0 
   223    0.001135298746171728    0.003544772640153463                       0   -0.002409473893981736                       0                       0                       0                       0                       0                       0 
   225  -4.586529667002532e-06  -0.0003745308873299411                       0   0.0003699443576629385                       0                       0                       0                       0                       0                       0 
   226   0.0008633075375146769    0.002366632465028762                       0   -0.001503324927514085                       0                       0                       0                       0                       0                       0 
   228   3.978813207715463e-05   -0.000263358186987399                       0   0.0003031463190645536                       0                       0                       0                       0                       0                       0 
   229   0.0008375970109930602    0.001703783230440938                       0  -0.0008661862194478782                       0                       0                       0                       0                       0                       0 
   231   9.395247973796364e-05  -0.0002192597759440715                       0   0.0003132122556820351                       0                       0                       0                       0                       0                       0 
   232   0.0006502509452395648    0.001400076752960894                       0  -0.0007498258077213295                       0                       0                       0                       0                       0                       0 
   246  -1.665012093569841e-05  -0.0008088277368458539                       0   0.0007921776159101555                       0                       0                       0                       0                       0                       0 
   247    0.001288687726988273    0.003532042210929863                       0    -0.00224335448394159                       0                       0                       0                       0                       0                       0 
   249  -1.628025463000672e-05  -0.0003539006468244332                       0   0.0003376203921944265                       0                       0                       0                       0                       0                       0 
   250    0.001286069105623826    0.003027297598148407                       0   -0.001741228492524581                       0                       0                       0                       0                       0                       0 
   252   1.191848537918495e-05  -0.0002448428363286617                       0   0.0002567613217078467                       0                       0                       0                       0                       0                       0 
   253    0.001256075233608218    0.002369501276336893                       0   -0.001113426042728675                       0                       0                       0                       0                       0                       0 
   255   3.901233228159877e-05  -0.0001757703171530877                       0   0.0002147826494346864                       0                       0                       0                       0                       0                       0 
   256   0.0009187781556732407    0.001701029516499087                       0  -0.0007822513608258458                       0                       0                       0                       0                       0                       0 
