#varID                   total                 dxdbVol                dxdbSurf                    dSdb                    dndb              dxdbDirect                    dVdb                distance                 options                    dvdb
   174   1.764510363220573e-05  -0.0007790421679996537                       0   0.0007966872716318594                       0                       0                       0                       0                       0                       0 
   175  -0.0007246533021370151   0.0005374668975535472                       0   -0.001262120199690562                       0                       0                       0                       0                       0                       0 
   177   3.230079473830237e-05   -0.000420502993432568                       0   0.0004528037881708704                       0                       0                       0                       0                       0                       0 
   178  -0.0007638292785048997  -0.0003343341229452386                       0  -0.0004294951555596611                       0                       0                       0                       0                       0                       0 
   180   3.985921984060831e-05  -0.0002060597303935941                       0   0.0002459189502342024                       0                       0                       0                       0                       0                       0 
   181  -0.0005632318580520004  -0.0006078244107119282                       0   4.459255265992781e-05                       0                       0                       0                       0                       0                       0 
   183   3.182444214876726e-05  -2.630317577303154e-05                       0   5.812761792179881e-05                       0                       0                       0                       0                       0                       0 
   184  -0.0003202550619194453  -0.0004140929627250903                       0   9.383790080564496e-05                       0                       0                       0                       0                       0                       0 
   198    1.44605670593205e-07  -0.0009803536754332983                       0   0.0009804982811038915                       0                       0                       0                       0                       0                       0 
   199  -0.0005464408015107512    0.001337526454323725                       0   -0.001883967255834476                       0                       0                       0                       0                       0                       0 
   201   3.384526083407549e-05  -0.0004394642573469719                       0   0.0004733095181810474                       0                       0                       0                       0                       0                       0 
   202  -0.0006226244074005762  -1.459568834229343e-05                       0  -0.0006080287190582828                       0                       0                       0                       0                       0                       0 
   204   7.367295327279891e-05  -0.0002626241476717706                       0   0.0003362971009445695                       0                       0                       0                       0                       0                       0 
   205  -0.0007016201886207555  -0.0007278496737517254                       0   2.622948513096996e-05                       0                       0                       0                       0                       0                       0 
   207   9.049843035500302e-05  -6.538972363002014e-05                       0   0.0001558881539850232                       0                       0                       0                       0                       0                       0 
   208  -0.0007668363844765528  -0.0008151450591829723                       0   4.830867470641945e-05                       0                       0                       0                       0                       0                       0 
   222  -1.755004849719136e-06   -0.001016091597726449                       0     0.00101433659287673                       0                       0                       0                       0                       0                       0 
   223   0.0009536104761466322    0.003774591448793286                       0   -0.002820980972646654                       0                       0                       0                       0                       0                       0 
   225  -3.337402141109758e-06  -0.0002789880727615279                       0   0.0002756506706204181                       0                       0                       0                       0                       0                       0 
   226   0.0006322715702848445    0.002261425295655407                       0   -0.001629153725370563                       0                       0                       0                       0                       0                       0 
   228   1.959662756105014e-05  -0.0001774156409082463                       0   0.0001970122684692965                       0                       0                       0                       0                       0                       0 
   229   0.0006630931023642345    0.001537878434173576                       0  -0.0008747853318093418                       0                       0                       0                       0                       0                       0 
   231   5.925732445609199e-05  -0.0001471813833523942                       0   0.0002064387078084862                       0                       0                       0                       0                       0                       0 
   232   0.0006179155152772838    0.001315675871504798                       0  -0.0006977603562275139                       0                       0                       0                       0                       0                       0 
   246   1.441625487356567e-05  -0.0008046261263711989                       0   0.0008190423812447646                       0                       0                       0                       0                       0                       0 
   247    0.001054860336027226    0.003812982384942295                       0   -0.002758122048915069                       0                       0                       0                       0                       0                       0 
   249  -1.436565886405627e-05  -0.0002488431099792749                       0   0.0002344774511152187                       0                       0                       0                       0                       0                       0 
   250   0.0009788104621434133    0.002911264043524206                       0   -0.001932453581380793                       0                       0                       0                       0                       0                       0 
   252  -4.555411036470485e-06  -0.0001612958573883808                       0   0.0001567404463519103                       0                       0                       0                       0                       0                       0 
   253    0.001012372999084854    0.002100531443775856                       0   -0.001088158444691002                       0                       0                       0                       0                       0                       0 
   255   1.607859233696724e-05  -0.0001100140787806614                       0   0.0001260926711176286                       0                       0                       0                       0                       0                       0 
   256   0.0008562610705261562     0.00150442283323174                       0  -0.0006481617627055842                       0                       0                       0                       0                       0                       0 
