#varID                   total                 dxdbVol                dxdbSurf                    dSdb                    dndb              dxdbDirect                    dVdb                distance                 options                    dvdb
   174   6.216244991086414e-06   -0.000788459049492408                       0   0.0007946752944834945                       0                       0                       0                       0                       0                       0 
   175  -0.0008113873411758441   0.0009183460638776638                       0   -0.001729733405053508                       0                       0                       0                       0                       0                       0 
   177   3.711889876544796e-05  -0.0005029867956851089                       0   0.0005401056944505569                       0                       0                       0                       0                       0                       0 
   178  -0.0008941802929609043  -0.0002337165759329679                       0  -0.0006604637170279364                       0                       0                       0                       0                       0                       0 
   180    5.37966676606105e-05  -0.0002377933930207259                       0   0.0002915900606813364                       0                       0                       0                       0                       0                       0 
   181  -0.0006453497857746148  -0.0007399353038717115                       0   9.458551809709669e-05                       0                       0                       0                       0                       0                       0 
   183    3.74508703691305e-05  -3.758667031660678e-05                       0   7.503754068573728e-05                       0                       0                       0                       0                       0                       0 
   184  -0.0003431995864491017  -0.0005044784885465961                       0   0.0001612789020974945                       0                       0                       0                       0                       0                       0 
   198  -1.091471613106872e-05  -0.0009712295891930133                       0   0.0009603148730619446                       0                       0                       0                       0                       0                       0 
   199  -0.0006033253463949583    0.001656766415470573                       0   -0.002260091761865531                       0                       0                       0                       0                       0                       0 
   201   4.087023524285052e-05  -0.0005202496693660233                       0   0.0005611199046088738                       0                       0                       0                       0                       0                       0 
   202  -0.0007337228782841103   5.766170625939643e-05                       0  -0.0007913845845435067                       0                       0                       0                       0                       0                       0 
   204   9.394248590364633e-05  -0.0003125333525525323                       0   0.0004064758384561786                       0                       0                       0                       0                       0                       0 
   205  -0.0008060151947435648  -0.0009328625231467369                       0    0.000126847328403172                       0                       0                       0                       0                       0                       0 
   207   0.0001116332540627394  -9.284578530971497e-05                       0   0.0002044790393724544                       0                       0                       0                       0                       0                       0 
   208   -0.000808049740320906   -0.001055342622552553                       0   0.0002472928822316469                       0                       0                       0                       0                       0                       0 
   222    -2.1952919365176e-05  -0.0009974412858270623                       0   0.0009754883664618863                       0                       0                       0                       0                       0                       0 
   223    0.001082508080187471    0.003616721376830145                       0   -0.002534213296642674                       0                       0                       0                       0                       0                       0 
   225  -4.060847904708263e-06  -0.0003462387259244752                       0    0.000342177878019767                       0                       0                       0                       0                       0                       0 
   226   0.0007940425624896417    0.002336043021448001                       0   -0.001542000458958359                       0                       0                       0                       0                       0                       0 
   228   3.341522010943983e-05    -0.00023841818768445                       0   0.0002718334077938899                       0                       0                       0                       0                       0                       0 
   229   0.0007890091237236301    0.001652404005105734                       0   -0.000863394881382104                       0                       0                       0                       0                       0                       0 
   231   8.465742268144871e-05  -0.0002012436814200188                       0   0.0002859011041014675                       0                       0                       0                       0                       0                       0 
   232   0.0006454492430196762     0.00137674892061369                       0  -0.0007312996775940134                       0                       0                       0                       0                       0                       0 
   246  -6.838917608422736e-06  -0.0008088702429386394                       0   0.0008020313253302167                       0                       0                       0                       0                       0                       0 
   247    0.001219911921424733    0.003618357975932899                       0   -0.002398446054508166                       0                       0                       0                       0                       0                       0 
   249  -1.549618877495746e-05  -0.0003222684318855191                       0   0.0003067722431105617                       0                       0                       0                       0                       0                       0 
   250    0.001193473147111618      0.0029922730744809                       0   -0.001798799927369282                       0                       0                       0                       0                       0                       0 
   252   6.519351759443428e-06  -0.0002198637784806207                       0   0.0002263831302400641                       0                       0                       0                       0                       0                       0 
   253    0.001187615486487853    0.002287207455535092                       0   -0.001099591969047239                       0                       0                       0                       0                       0                       0 
   255   3.258804487498224e-05  -0.0001585852795530409                       0   0.0001911733244280232                       0                       0                       0                       0                       0                       0 
   256   0.0009052519408452918    0.001646325020666712                       0  -0.0007410730798214206                       0                       0                       0                       0                       0                       0 
