#varID                   total                 dxdbVol                dxdbSurf                    dSdb                    dndb              dxdbDirect                    dVdb                distance                 options                    dvdb
   174   3.144477205206349e-05  -0.0007575319268747807                       0   0.0007889766989268442                       0                       0                       0                       0                       0                       0 
   175  -0.0006126643909101815   3.085340733189111e-05                       0  -0.0006435177982420726                       0                       0                       0                       0                       0                       0 
   177   2.612656164925761e-05  -0.0003102513922248793                       0   0.0003363779538741369                       0                       0                       0                       0                       0                       0 
   178  -0.0006126968170110818  -0.0004676575061431542                       0  -0.0001450393108679276                       0                       0                       0                       0                       0                       0 
   180   2.328216779602524e-05  -0.0001679457126169748                       0   0.0001912278804130001                       0                       0                       0                       0                       0                       0 
   181  -0.0004614548336131792  -0.0004600819869158713                       0  -1.372846697307927e-06                       0                       0                       0                       0                       0                       0 
   183   2.539398935641768e-05  -6.930339718927802e-06                       0   3.232432907534548e-05                       0                       0                       0                       0                       0                       0 
   184  -0.0002872165723608234  -0.0003023879882306759                       0   1.517141586985245e-05                       0                       0                       0                       0                       0                       0 
   198   1.136934242739634e-05    -0.00098510362567202                       0   0.0009964729680994164                       0                       0                       0                       0                       0                       0 
   199  -0.0004693879679888047   0.0008996399164412964                       0   -0.001369027884430101                       0                       0                       0                       0                       0                       0 
   201   2.462214603953964e-05  -0.0003343874443687328                       0   0.0003590095904082725                       0                       0                       0                       0                       0                       0 
   202   -0.000487449238549681  -0.0001108322459162118                       0  -0.0003766169926334692                       0                       0                       0                       0                       0                       0 
   204   5.126812505167728e-05   -0.000198993767143148                       0   0.0002502618921948253                       0                       0                       0                       0                       0                       0 
   205  -0.0005619251813643591  -0.0004848777766744452                       0  -7.704740468991391e-05                       0                       0                       0                       0                       0                       0 
   207   6.217341375287494e-05  -1.382782327357549e-05                       0   7.600123702645043e-05                       0                       0                       0                       0                       0                       0 
   208  -0.0007029079061713461  -0.0004898106140883006                       0  -0.0002130972920830454                       0                       0                       0                       0                       0                       0 
   222   1.646910333462587e-05   -0.001030046989644496                       0    0.001046516092979122                       0                       0                       0                       0                       0                       0 
   223   0.0008024443055376137    0.003911672345504831                       0   -0.003109228039967217                       0                       0                       0                       0                       0                       0 
   225  -3.800945507044875e-06  -0.0002041821763185455                       0   0.0002003812308115006                       0                       0                       0                       0                       0                       0 
   226   0.0004573663735511786    0.002170603934423776                       0   -0.001713237560872597                       0                       0                       0                       0                       0                       0 
   228   7.314469166427162e-06  -0.0001079909764419776                       0   0.0001153054456084048                       0                       0                       0                       0                       0                       0 
   229   0.0005075346507403607    0.001429136424316082                       0  -0.0009216017735757217                       0                       0                       0                       0                       0                       0 
   231   2.566942663004388e-05  -6.275129944065844e-05                       0   8.842072607070231e-05                       0                       0                       0                       0                       0                       0 
   232   0.0005558219563823687    0.001247480510358563                       0  -0.0006916585539761941                       0                       0                       0                       0                       0                       0 
   246   3.325698381231293e-05  -0.0007905558588992491                       0    0.000823812842711562                       0                       0                       0                       0                       0                       0 
   247   0.0008680860411870118    0.003995867488876229                       0   -0.003127781447689217                       0                       0                       0                       0                       0                       0 
   249  -1.486003362626286e-05  -0.0001708601168797907                       0   0.0001560000832535278                       0                       0                       0                       0                       0                       0 
   250   0.0007502666864593333    0.002821044181144949                       0   -0.002070777494685616                       0                       0                       0                       0                       0                       0 
   252  -1.337792373830802e-05  -9.988980500300527e-05                       0   8.651188126469726e-05                       0                       0                       0                       0                       0                       0 
   253   0.0007987065922802725    0.001915979186438313                       0   -0.001117272594158041                       0                       0                       0                       0                       0                       0 
   255  -3.245685771753911e-06  -4.137351953256629e-05                       0   3.812783376081237e-05                       0                       0                       0                       0                       0                       0 
   256   0.0007696701567108077    0.001333131076513464                       0  -0.0005634609198026565                       0                       0                       0                       0                       0                       0 
