#varID                   total                 dxdbVol                dxdbSurf                    dSdb                    dndb              dxdbDirect                    dVdb                distance                 options                    dvdb
   174   2.656234179254104e-05  -0.0007666698532991366                       0   0.0007932321950916777                       0                       0                       0                       0                       0                       0 
   175  -0.0006534209930845118   0.0002173499146008763                       0  -0.0008707709076853881                       0                       0                       0                       0                       0                       0 
   177    2.83735525477821e-05   -0.000350986734731287                       0   0.0003793602872790691                       0                       0                       0                       0                       0                       0 
   178  -0.0006655329063449021  -0.0004188374818899927                       0  -0.0002466954244549093                       0                       0                       0                       0                       0                       0 
   180   2.913688782302197e-05  -0.0001813306840110413                       0   0.0002104675718340632                       0                       0                       0                       0                       0                       0 
   181  -0.0004978404849180822   -0.000510752627513553                       0   1.291214259547078e-05                       0                       0                       0                       0                       0                       0 
   183   2.758747242184286e-05  -1.462819830151388e-05                       0   4.221567072335675e-05                       0                       0                       0                       0                       0                       0 
   184  -0.0002996333428011486  -0.0003420111506838095                       0   4.237780788266085e-05                       0                       0                       0                       0                       0                       0 
   198   7.706652024299038e-06  -0.0009843435399851171                       0   0.0009920501920094161                       0                       0                       0                       0                       0                       0 
   199  -0.0004978723473464137    0.001062627487250236                       0    -0.00156049983459665                       0                       0                       0                       0                       0                       0 
   201   2.801045017819742e-05  -0.0003728390083591929                       0   0.0004008494585373903                       0                       0                       0                       0                       0                       0 
   202  -0.0005355446749857372  -7.550912929728232e-05                       0  -0.0004600355456884549                       0                       0                       0                       0                       0                       0 
   204     5.8897909584602e-05  -0.0002218925457384606                       0   0.0002807904553230626                       0                       0                       0                       0                       0                       0 
   205   -0.000613387699925312  -0.0005700829859535373                       0  -4.330471397177465e-05                       0                       0                       0                       0                       0                       0 
   207   7.253744508864063e-05  -3.488225005604822e-05                       0   0.0001074196951446889                       0                       0                       0                       0                       0                       0 
   208   -0.000727756863862266  -0.0006098677427369293                       0  -0.0001178891211253367                       0                       0                       0                       0                       0                       0 
   222     1.0827248339287e-05   -0.001026271481393377                       0    0.001037098729732664                       0                       0                       0                       0                       0                       0 
   223   0.0008557343333703026    0.003870873420050004                       0   -0.003015139086679701                       0                       0                       0                       0                       0                       0 
   225  -3.456685830511294e-06  -0.0002299924990302347                       0   0.0002265358131997234                       0                       0                       0                       0                       0                       0 
   226   0.0005170889116566592    0.002203346637972036                       0   -0.001686257726315377                       0                       0                       0                       0                       0                       0 
   228   1.110373825397436e-05   -0.000131995603587551                       0   0.0001430993418415253                       0                       0                       0                       0                       0                       0 
   229   0.0005628572588769991    0.001463893560892027                       0  -0.0009010363020150277                       0                       0                       0                       0                       0                       0 
   231   3.785749353795542e-05  -9.534934618841264e-05                       0   0.0001332068397263681                       0                       0                       0                       0                       0                       0 
   232   0.0005814182884155002    0.001270005877557122                       0   -0.000688587589141622                       0                       0                       0                       0                       0                       0 
   246    2.74760903835365e-05  -0.0007967385014281013                       0   0.0008242145918116378                       0                       0                       0                       0                       0                       0 
   247   0.0009329047363842644     0.00393858563319685                       0   -0.003005680896812585                       0                       0                       0                       0                       0                       0 
   249  -1.443459938267746e-05  -0.0001972397851730701                       0   0.0001828051857903927                       0                       0                       0                       0                       0                       0 
   250   0.0008277556686419516    0.002852544328646819                       0   -0.002024788660004868                       0                       0                       0                       0                       0                       0 
   252  -1.079014918910832e-05  -0.0001203982174680422                       0   0.0001096080682789339                       0                       0                       0                       0                       0                       0 
   253   0.0008744237864227319    0.001976106732304037                       0   -0.001101682945881305                       0                       0                       0                       0                       0                       0 
   255   3.413979148249394e-06  -6.693804658340046e-05                       0   7.035202573164985e-05                       0                       0                       0                       0                       0                       0 
   256   0.0008037120252697595    0.001393081113133998                       0  -0.0005893690878642387                       0                       0                       0                       0                       0                       0 
