#varID                   total                 dxdbVol                dxdbSurf                    dSdb                    dndb              dxdbDirect                    dVdb                distance                 options                    dvdb
   174   2.909638929111198e-05   -0.000762162701017249                       0   0.0007912590903083609                       0                       0                       0                       0                       0                       0 
   175  -0.0006324457818644241   0.0001216906621796404                       0  -0.0007541364440440645                       0                       0                       0                       0                       0                       0 
   177   2.721753246382927e-05  -0.0003301223146070736                       0   0.0003573398470709029                       0                       0                       0                       0                       0                       0 
   178  -0.0006380364110344518   -0.000443932048182849                       0  -0.0001941043628516028                       0                       0                       0                       0                       0                       0 
   180   2.609929069106307e-05  -0.0001743618851235512                       0   0.0002004611758146142                       0                       0                       0                       0                       0                       0 
   181  -0.0004790090292967394   -0.000484222504297973                       0   5.213475001233543e-06                       0                       0                       0                       0                       0                       0 
   183   2.643396699478652e-05  -1.075993369650767e-05                       0   3.719390069129419e-05                       0                       0                       0                       0                       0                       0 
   184  -0.0002932906944275285  -0.0003214323267844052                       0   2.814163235687671e-05                       0                       0                       0                       0                       0                       0 
   198   9.654454215811447e-06  -0.0009848782903947974                       0   0.0009945327446106089                       0                       0                       0                       0                       0                       0 
   199  -0.0004832746562750091   0.0009792916344321062                       0   -0.001462566290707115                       0                       0                       0                       0                       0                       0 
   201   2.627219762955479e-05   -0.000353090999500766                       0   0.0003793631971303208                       0                       0                       0                       0                       0                       0 
   202  -0.0005106345551699162  -9.365490523722782e-05                       0  -0.0004169796499326883                       0                       0                       0                       0                       0                       0 
   204   5.489355125108699e-05  -0.0002100554952772391                       0   0.0002649490465283261                       0                       0                       0                       0                       0                       0 
   205  -0.0005869858682016319  -0.0005257379655560174                       0  -6.124790264561459e-05                       0                       0                       0                       0                       0                       0 
   207   6.720371321023801e-05  -2.438982563713629e-05                       0    9.15935388473743e-05                       0                       0                       0                       0                       0                       0 
   208  -0.0007152058561553037  -0.0005482748513323192                       0  -0.0001669310048229845                       0                       0                       0                       0                       0                       0 
   222   1.387070027686409e-05   -0.001028400646918706                       0     0.00104227134719557                       0                       0                       0                       0                       0                       0 
   223   0.0008280791233992936    0.003893214763629062                       0   -0.003065135640229768                       0                       0                       0                       0                       0                       0 
   225  -3.609929302475804e-06  -0.0002165174973899785                       0   0.0002129075680875027                       0                       0                       0                       0                       0                       0 
   226   0.0004858250148957236    0.002186478988698935                       0   -0.001700653973803211                       0                       0                       0                       0                       0                       0 
   228   9.060163243910507e-06  -0.0001194580616463284                       0   0.0001285182248902389                       0                       0                       0                       0                       0                       0 
   229   0.0005341743428553021    0.001445342876744256                       0  -0.0009111685338889544                       0                       0                       0                       0                       0                       0 
   231   3.156852126598089e-05  -7.883694963412591e-05                       0   0.0001104054709001068                       0                       0                       0                       0                       0                       0 
   232   0.0005686369837679925    0.001258015780468993                       0  -0.0006893787967010002                       0                       0                       0                       0                       0                       0 
   246   3.060234833108079e-05  -0.0007937040358404881                       0   0.0008243063841715689                       0                       0                       0                       0                       0                       0 
   247   0.0008991081198200341     0.00396943187618419                       0   -0.003070323756364156                       0                       0                       0                       0                       0                       0 
   249   -1.46199274560251e-05  -0.0001833896289088027                       0   0.0001687697014527776                       0                       0                       0                       0                       0                       0 
   250   0.0007871059417416983    0.002836175915533651                       0   -0.002049069973791953                       0                       0                       0                       0                       0                       0 
   252    -1.2203171455395e-05  -0.0001095830665152261                       0   9.737989505983111e-05                       0                       0                       0                       0                       0                       0 
   253   0.0008351334925905359    0.001944181694238641                       0   -0.001109048201648105                       0                       0                       0                       0                       0                       0 
   255  -7.519699320203275e-08  -5.384778267464611e-05                       0   5.377258568144408e-05                       0                       0                       0                       0                       0                       0 
   256   0.0007865105049851938    0.001361819394089817                       0   -0.000575308889104623                       0                       0                       0                       0                       0                       0 
