#varID                   total                 dxdbVol                dxdbSurf                    dSdb                    dndb              dxdbDirect                    dVdb                distance                 options                    dvdb
   174   1.035596017251743e-05  -0.0007857757012006172                       0   0.0007961316613731346                       0                       0                       0                       0                       0                       0 
   175  -0.0007804593472061849    0.000783605703405451                       0   -0.001564065050611636                       0                       0                       0                       0                       0                       0 
   177   3.539379125558849e-05  -0.0004738054948493398                       0   0.0005091992861049283                       0                       0                       0                       0                       0                       0 
   178  -0.0008463215013765703   -0.000269231718760087                       0  -0.0005770897826164833                       0                       0                       0                       0                       0                       0 
   180   4.871536628429566e-05  -0.0002263226431653882                       0   0.0002750380094496839                       0                       0                       0                       0                       0                       0 
   181  -0.0006157890561169308  -0.0006911425192103635                       0   7.535346309343267e-05                       0                       0                       0                       0                       0                       0 
   183   3.540170004401919e-05  -3.391961007022166e-05                       0   6.932131011424086e-05                       0                       0                       0                       0                       0                       0 
   184  -0.0003353002031335685  -0.0004720701484303477                       0   0.0001367699452967792                       0                       0                       0                       0                       0                       0 
   198   -6.74789824541141e-06  -0.0009749997468039221                       0   0.0009682518485585107                       0                       0                       0                       0                       0                       0 
   199    -0.00058334877632062    0.001544793054010587                       0   -0.002128141830331207                       0                       0                       0                       0                       0                       0 
   201   3.837041941032366e-05  -0.0004914464259838351                       0   0.0005298168453941588                       0                       0                       0                       0                       0                       0 
   202  -0.0006934914967577457    3.21661256418715e-05                       0  -0.0007256576223996172                       0                       0                       0                       0                       0                       0 
   204   8.644418252106052e-05  -0.0002947610622628484                       0   0.0003812052447839089                       0                       0                       0                       0                       0                       0 
   205  -0.0007691663705347879  -0.0008583222586906311                       0   8.915588815584322e-05                       0                       0                       0                       0                       0                       0 
   207   0.0001042231016481903  -8.419047315828862e-05                       0   0.0001884135748064789                       0                       0                       0                       0                       0                       0 
   208  -0.0007940542195675962  -0.0009710241126418247                       0   0.0001769698930742285                       0                       0                       0                       0                       0                       0 
   222  -1.411465095247071e-05   -0.001004892983191551                       0   0.0009907783322390807                       0                       0                       0                       0                       0                       0 
   223    0.001035171220088301    0.003678005392897464                       0   -0.002642834172809164                       0                       0                       0                       0                       0                       0 
   225  -3.693444393535351e-06  -0.0003212181272906088                       0   0.0003175246828970734                       0                       0                       0                       0                       0                       0 
   226   0.0007333749428215467    0.002308714290346179                       0   -0.001575339347524633                       0                       0                       0                       0                       0                       0 
   228   2.803016074758122e-05  -0.0002159743842722384                       0   0.0002440045450198197                       0                       0                       0                       0                       0                       0 
   229   0.0007438374717330706    0.001608370437912805                       0  -0.0008645329661797344                       0                       0                       0                       0                       0                       0 
   231   7.575316849907555e-05  -0.0001831264401150451                       0   0.0002588796086141206                       0                       0                       0                       0                       0                       0 
   232   0.0006379956746557325    0.001354749729706739                       0  -0.0007167540550510063                       0                       0                       0                       0                       0                       0 
   246   1.442665635263424e-06  -0.0008080629352612294                       0   0.0008095056008964928                       0                       0                       0                       0                       0                       0 
   247    0.001158791872933703    0.003692879106816529                       0   -0.002534087233882825                       0                       0                       0                       0                       0                       0 
   249  -1.493934087278773e-05  -0.0002946422195813104                       0   0.0002797028787085227                       0                       0                       0                       0                       0                       0 
   250    0.001112686462585803    0.002961868703953009                       0   -0.001849182241367206                       0                       0                       0                       0                       0                       0 
   252   2.089872096268017e-06  -0.0001978772461284857                       0   0.0001999671182247537                       0                       0                       0                       0                       0                       0 
   253     0.00112443404064418    0.002216059385319383                       0   -0.001091625344675204                       0                       0                       0                       0                       0                       0 
   255   2.662467077866652e-05  -0.0001418425432073075                       0    0.000168467213985974                       0                       0                       0                       0                       0                       0 
   256   0.0008899237956696746    0.001595354159657994                       0  -0.0007054303639883192                       0                       0                       0                       0                       0                       0 
