#varID                   total                 dxdbVol                dxdbSurf                    dSdb                    dndb              dxdbDirect                    dVdb                distance                 options                    dvdb
   174  -2.831513930954578e-05  -0.0007860202179019481                       0   0.0007577050785924023                       0                       0                       0                       0                       0                       0 
   175   -0.001056262231675573    0.001944422239139156                       0   -0.003000684470814728                       0                       0                       0                       0                       0                       0 
   177   5.119347705375863e-05  -0.0007268079145553276                       0   0.0007780013916090863                       0                       0                       0                       0                       0                       0 
   178   -0.001331787324649245   2.593315420114003e-05                       0   -0.001357720478850385                       0                       0                       0                       0                       0                       0 
   180   9.814048647940567e-05  -0.0003309671544383812                       0   0.0004291076409177869                       0                       0                       0                       0                       0                       0 
   181  -0.0008902220103901781    -0.00118389441685366                       0   0.0002936724064634818                       0                       0                       0                       0                       0                       0 
   183    5.42604831172061e-05  -5.466479161765825e-05                       0   0.0001089252747348644                       0                       0                       0                       0                       0                       0 
   184  -0.0003959032565945371  -0.0007581524029859035                       0   0.0003622491463913665                       0                       0                       0                       0                       0                       0 
   198  -5.200262374565733e-05  -0.0009223482974272099                       0   0.0008703456736815526                       0                       0                       0                       0                       0                       0 
   199   -0.000745160683320967    0.002474591657688637                       0   -0.003219752341009604                       0                       0                       0                       0                       0                       0 
   201   6.080645243016392e-05  -0.0007506598318583396                       0   0.0008114662842885035                       0                       0                       0                       0                       0                       0 
   202   -0.001072251533301884   0.0002500875598329165                       0   -0.001322339093134801                       0                       0                       0                       0                       0                       0 
   204   0.0001622889796035676  -0.0004481310525457534                       0    0.000610420032149321                       0                       0                       0                       0                       0                       0 
   205   -0.001088708657226641   -0.001561452510341834                       0   0.0004727438531151928                       0                       0                       0                       0                       0                       0 
   207   0.0001630338477261453  -0.0001254367289364367                       0    0.000288470576662582                       0                       0                       0                       0                       0                       0 
   208  -0.0009037401986685922   -0.001671873597717737                       0   0.0007681333990491446                       0                       0                       0                       0                       0                       0 
   222  -0.0001129782046305416  -0.0009047150944601914                       0   0.0007917368898296498                       0                       0                       0                       0                       0                       0 
   223     0.00153556917119767    0.002937228066511829                       0   -0.001401658895314159                       0                       0                       0                       0                       0                       0 
   225  -1.042124810575419e-05  -0.0005973880222852911                       0    0.000586966774179537                       0                       0                       0                       0                       0                       0 
   226    0.001431692445009357    0.002616360487495595                       0   -0.001184668042486238                       0                       0                       0                       0                       0                       0 
   228   9.508452277245521e-05  -0.0004395536046717576                       0   0.0005346381274442128                       0                       0                       0                       0                       0                       0 
   229    0.001125348786523917    0.002129787234285829                       0   -0.001004438447761912                       0                       0                       0                       0                       0                       0 
   231   0.0001411015074957786  -0.0002978614137084824                       0    0.000438962921204261                       0                       0                       0                       0                       0                       0 
   232   0.0005851329252779393    0.001503023007239067                       0  -0.0009178900819611278                       0                       0                       0                       0                       0                       0 
   246  -0.0001050176375317483   -0.000784354472665542                       0   0.0006793368351337937                       0                       0                       0                       0                       0                       0 
   247     0.00182753447751153    0.002833516649398375                       0   -0.001005982171886845                       0                       0                       0                       0                       0                       0 
   249  -2.503217831217592e-05  -0.0006145395744968931                       0   0.0005895073961847172                       0                       0                       0                       0                       0                       0 
   250    0.002058156803298699    0.003346086522260833                       0   -0.001287929718962135                       0                       0                       0                       0                       0                       0 
   252    6.35605259085417e-05  -0.0004349874618544284                       0   0.0004985479877629701                       0                       0                       0                       0                       0                       0 
   253    0.001682780256456044    0.003040099112455945                       0   -0.001357318855999901                       0                       0                       0                       0                       0                       0 
   255   7.489204249821503e-05  -0.0002608875994098966                       0   0.0003357796419081117                       0                       0                       0                       0                       0                       0 
   256   0.0009147712706570393    0.002012573317485023                       0   -0.001097802046827984                       0                       0                       0                       0                       0                       0 
