#varID                   total                 dxdbVol                dxdbSurf                    dSdb                    dndb              dxdbDirect                    dVdb                distance                 options                    dvdb
   174   2.382382522690078e-05   -0.000771016146854288                       0   0.0007948399720811887                       0                       0                       0                       0                       0                       0 
   175  -0.0006756984581859141   0.0003182281588633787                       0  -0.0009939266170492927                       0                       0                       0                       0                       0                       0 
   177   2.960088445241003e-05  -0.0003729350914369816                       0   0.0004025359758893916                       0                       0                       0                       0                       0                       0 
   178  -0.0006954510214916854  -0.0003922764111246254                       0    -0.00030317461036706                       0                       0                       0                       0                       0                       0 
   180   3.242162519471745e-05  -0.0001889005315724529                       0   0.0002213221567671703                       0                       0                       0                       0                       0                       0 
   181  -0.0005180648153600569  -0.0005399643558240272                       0   2.189954046397033e-05                       0                       0                       0                       0                       0                       0 
   183   2.886374199608873e-05  -1.852055914000475e-05                       0   4.738430113609348e-05                       0                       0                       0                       0                       0                       0 
   184   -0.000306243153812749  -0.0003642338159165314                       0   5.799066210378239e-05                       0                       0                       0                       0                       0                       0 
   198   5.496216437618495e-06  -0.0009834507281713813                       0   0.0009889469446089998                       0                       0                       0                       0                       0                       0 
   199  -0.0005132306515748977    0.001149913372095428                       0   -0.001663144023670325                       0                       0                       0                       0                       0                       0 
   201   2.984530877190363e-05  -0.0003937354437992646                       0   0.0004235807525711682                       0                       0                       0                       0                       0                       0 
   202   -0.000562366540141412  -5.633067131196245e-05                       0  -0.0005060358688294495                       0                       0                       0                       0                       0                       0 
   204      6.332674765056e-05  -0.0002345599587108397                       0   0.0002978867063613997                       0                       0                       0                       0                       0                       0 
   205  -0.0006412234490074961  -0.0006182727685385835                       0  -2.295068046891264e-05                       0                       0                       0                       0                       0                       0 
   207   7.818892472900149e-05  -4.525438121811597e-05                       0   0.0001234433059471175                       0                       0                       0                       0                       0                       0 
   208  -0.0007405506342131767  -0.0006747564377466867                       0  -6.579419646649008e-05                       0                       0                       0                       0                       0                       0 
   222   7.267905977381695e-06   -0.001023578367903517                       0    0.001030846273880899                       0                       0                       0                       0                       0                       0 
   223   0.0008856634727253858    0.003844102198332688                       0   -0.002958438725607302                       0                       0                       0                       0                       0                       0 
   225  -3.351610728115421e-06  -0.0002447643508016979                       0   0.0002414127400735825                       0                       0                       0                       0                       0                       0 
   226   0.0005515695761906456    0.002221341113266829                       0   -0.001669771537076184                       0                       0                       0                       0                       0                       0 
   228   1.349723516860796e-05  -0.0001457323486746001                       0   0.0001592295838432081                       0                       0                       0                       0                       0                       0 
   229   0.0005937698086460994    0.001485176112231624                       0  -0.0008914063035855245                       0                       0                       0                       0                       0                       0 
   231   4.455700047240009e-05  -0.0001122677673301694                       0   0.0001568247678025695                       0                       0                       0                       0                       0                       0 
   232   0.0005940254757196065    0.001283554735888889                       0  -0.0006895292601692821                       0                       0                       0                       0                       0                       0 
   246    2.38011915205035e-05  -0.0007996122649281131                       0   0.0008234134564486166                       0                       0                       0                       0                       0                       0 
   247   0.0009698316618718295    0.003902722204226769                       0   -0.002932890542354939                       0                       0                       0                       0                       0                       0 
   249    -1.4318474923377e-05  -0.0002126029318799616                       0   0.0001982844569565846                       0                       0                       0                       0                       0                       0 
   250   0.0008727787539384241    0.002870341793175481                       0   -0.001997563039237057                       0                       0                       0                       0                       0                       0 
   252  -9.088340093351896e-06  -0.0001324937489707673                       0   0.0001234054088774154                       0                       0                       0                       0                       0                       0 
   253   0.0009168537125258469    0.002012328562556251                       0   -0.001095474850030404                       0                       0                       0                       0                       0                       0 
   255   7.250141664431244e-06  -8.065874877113427e-05                       0   8.790889043556552e-05                       0                       0                       0                       0                       0                       0 
   256   0.0008211732079172239     0.00142712555319122                       0  -0.0006059523452739963                       0                       0                       0                       0                       0                       0 
