#varID                   total                 dxdbVol                dxdbSurf                    dSdb                    dndb              dxdbDirect                    dVdb                distance                 options                    dvdb
   174  -3.246573211433657e-06  -0.0007919025155961483                       0   0.0007886559423847146                       0                       0                       0                       0                       0                       0 
   175  -0.0008804403853651273    0.001215015469079401                       0   -0.002095455854444529                       0                       0                       0                       0                       0                       0 
   177   4.100915409693676e-05   -0.000567346395264499                       0   0.0006083555493614358                       0                       0                       0                       0                       0                       0 
   178   -0.001006747395367956  -0.0001562465617403574                       0  -0.0008505008336275987                       0                       0                       0                       0                       0                       0 
   180   6.557940561114571e-05  -0.0002638184823751522                       0   0.0003293978879862979                       0                       0                       0                       0                       0                       0 
   181  -0.0007123891915558683   -0.000855236980062447                       0   0.0001428477885065786                       0                       0                       0                       0                       0                       0 
   183   4.213435704462206e-05  -4.443275405179253e-05                       0   8.656711109641459e-05                       0                       0                       0                       0                       0                       0 
   184  -0.0003597327290699263  -0.0005769768969526968                       0   0.0002172441678827705                       0                       0                       0                       0                       0                       0 
   198  -2.107275959922902e-05  -0.0009608218469061698                       0   0.0009397490873069408                       0                       0                       0                       0                       0                       0 
   199  -0.0006465403414127404    0.001899609601864375                       0   -0.002546149943277115                       0                       0                       0                       0                       0                       0 
   201   4.645135065750757e-05  -0.0005846889881115396                       0   0.0006311403387690472                       0                       0                       0                       0                       0                       0 
   202  -0.0008258544360731837   0.0001134617144810392                       0  -0.0009393161505542229                       0                       0                       0                       0                       0                       0 
   204   0.0001116868578718046  -0.0003518691896554487                       0   0.0004635560475272533                       0                       0                       0                       0                       0                       0 
   205   -0.000886946553183528    -0.00110413243494712                       0   0.0002171858817635917                       0                       0                       0                       0                       0                       0 
   207   0.0001275419289479701  -0.0001080433559633522                       0   0.0002355852849113223                       0                       0                       0                       0                       0                       0 
   208  -0.0008370617497544712   -0.001238115309716393                       0   0.0004010535599619216                       0                       0                       0                       0                       0                       0 
   222  -4.214873516260255e-05  -0.0009775042456165645                       0    0.000935355510453962                       0                       0                       0                       0                       0                       0 
   223    0.001194648379556649    0.003460226939043639                       0    -0.00226557855948699                       0                       0                       0                       0                       0                       0 
   225  -5.296807647485631e-06  -0.0004067674196412393                       0   0.0004014706119937537                       0                       0                       0                       0                       0                       0 
   226    0.000943066138281488    0.002401371693770804                       0   -0.001458305555489316                       0                       0                       0                       0                       0                       0 
   228   4.734906947829499e-05  -0.0002911405467483625                       0   0.0003384896162266575                       0                       0                       0                       0                       0                       0 
   229   0.0008896664195124287    0.001763911124811746                       0  -0.0008742447052993168                       0                       0                       0                       0                       0                       0 
   231   0.0001035623326340821  -0.0002369662210822927                       0   0.0003405285537163748                       0                       0                       0                       0                       0                       0 
   232   0.0006514157942418932    0.001424239087727043                       0  -0.0007728232934851493                       0                       0                       0                       0                       0                       0 
   246  -2.832782046135779e-05  -0.0008076898421164953                       0   0.0007793620216551376                       0                       0                       0                       0                       0                       0 
   247    0.001366717629416021    0.003431892768692639                       0   -0.002065175139276618                       0                       0                       0                       0                       0                       0 
   249  -1.733185891540938e-05  -0.0003904094724489914                       0    0.000373077613533582                       0                       0                       0                       0                       0                       0 
   250    0.001393128493273966    0.003068301819326088                       0   -0.001675173326052122                       0                       0                       0                       0                       0                       0 
   252   1.851531184743956e-05  -0.0002733005194205495                       0    0.000291815831267989                       0                       0                       0                       0                       0                       0 
   253    0.001330152025661124    0.002465064503581075                       0   -0.001134912477919951                       0                       0                       0                       0                       0                       0 
   255   4.586816134511922e-05  -0.0001932607893692484                       0   0.0002391289507143676                       0                       0                       0                       0                       0                       0 
   256   0.0009296333331506429    0.001759330852913465                       0  -0.0008296975197628217                       0                       0                       0                       0                       0                       0 
