#varID                   total                 dxdbVol                dxdbSurf                    dSdb                    dndb              dxdbDirect                    dVdb                distance                 options                    dvdb
   174  -1.460415566893226e-05  -0.0007917203322980378                       0   0.0007771161766291056                       0                       0                       0                       0                       0                       0 
   175  -0.0009610519573845788    0.001554125843561538                       0   -0.002515177800946117                       0                       0                       0                       0                       0                       0 
   177   4.562957522426182e-05  -0.0006412309762286983                       0   0.0006868605514529601                       0                       0                       0                       0                       0                       0 
   178   -0.001148608073137026  -6.970130705358333e-05                       0   -0.001078906766083442                       0                       0                       0                       0                       0                       0 
   180   8.006902046885458e-05  -0.0002945811491884713                       0   0.0003746501696573259                       0                       0                       0                       0                       0                       0 
   181  -0.0007925023002372515   -0.001000120838248056                       0   0.0002076185380108041                       0                       0                       0                       0                       0                       0 
   183   4.769253466445669e-05  -5.028469988158869e-05                       0   9.797723454604537e-05                       0                       0                       0                       0                       0                       0 
   184  -0.0003772543362551674  -0.0006609724048084051                       0   0.0002837180685532377                       0                       0                       0                       0                       0                       0 
   198  -3.436767755377133e-05  -0.0009452980612498535                       0   0.0009109303836960822                       0                       0                       0                       0                       0                       0 
   199  -0.0006941142089468234    0.002170919868188113                       0   -0.002865034077134937                       0                       0                       0                       0                       0                       0 
   201   5.299713715773899e-05  -0.0006603588132690856                       0   0.0007133559504268246                       0                       0                       0                       0                       0                       0 
   202  -0.0009370051829713739   0.0001768118461135082                       0   -0.001113817029084882                       0                       0                       0                       0                       0                       0 
   204    0.000133997438216427  -0.0003968171198868109                       0   0.0005308145581032379                       0                       0                       0                       0                       0                       0 
   205  -0.0009796907337919906   -0.001310801016703086                       0   0.0003311102829110957                       0                       0                       0                       0                       0                       0 
   207   0.0001447913050513465  -0.0001193931959198695                       0   0.0002641845009712161                       0                       0                       0                       0                       0                       0 
   208  -0.0008682359199583428   -0.001442154150663376                       0   0.0005739182307050333                       0                       0                       0                       0                       0                       0 
   222  -7.085432066765462e-05  -0.0009482210860080568                       0   0.0008773667653404021                       0                       0                       0                       0                       0                       0 
   223    0.001339326097959192    0.003243114602442942                       0   -0.001903788504483749                       0                       0                       0                       0                       0                       0 
   225  -7.373088371937181e-06  -0.0004868276101549272                       0     0.00047945452178299                       0                       0                       0                       0                       0                       0 
   226    0.001144848592661323    0.002488807608433642                       0   -0.001343959015772319                       0                       0                       0                       0                       0                       0 
   228   6.705795184769965e-05  -0.0003568838765986171                       0   0.0004239418284463167                       0                       0                       0                       0                       0                       0 
   229    0.001003602414996833    0.001917426295267028                       0  -0.0009138238802701949                       0                       0                       0                       0                       0                       0 
   231   0.0001231319256089473  -0.0002702745464528443                       0   0.0003934064720617916                       0                       0                       0                       0                       0                       0 
   232   0.0006370959916146125    0.001471219678417434                       0   -0.000834123686802821                       0                       0                       0                       0                       0                       0 
   246  -5.917695465776818e-05  -0.0008007769839011302                       0    0.000741600029243362                       0                       0                       0                       0                       0                       0 
   247     0.00155977029750998    0.003179557658094412                       0   -0.001619787360584432                       0                       0                       0                       0                       0                       0 
   249   -2.04084380572699e-05  -0.0004829744578565314                       0   0.0004625660197992615                       0                       0                       0                       0                       0                       0 
   250    0.001665887316749222    0.003176775486094186                       0   -0.001510888169344964                       0                       0                       0                       0                       0                       0 
   252   3.650159047146294e-05  -0.0003430455696170615                       0   0.0003795471600885245                       0                       0                       0                       0                       0                       0 
   253    0.001495881611327445    0.002706877158187447                       0   -0.001210995546860002                       0                       0                       0                       0                       0                       0 
   255   6.052128837137388e-05  -0.0002282798814142526                       0   0.0002888011697856265                       0                       0                       0                       0                       0                       0 
   256   0.0009381514976944104    0.001884714591418774                       0  -0.0009465630937243633                       0                       0                       0                       0                       0                       0 
