                 #varID      adjointSensitivity
                    174   0.0002701618003703714
                    175   -0.004354807425017476
                    177   0.0001777276582078304
                    178   -0.004195651712338666
                    180   0.0001558258283003114
                    181   -0.003229242033568195
                    183   8.351386647852146e-05
                    184   -0.001734053098220537
                    198   0.0002128775411733242
                    199   -0.004190020909461387
                    201   0.0001873812853020145
                    202   -0.003855692666214939
                    204   0.0002656241665027711
                    205   -0.004453743409428648
                    207   0.0002610551762053077
                    208   -0.004384223106997787
                    222   2.341225702287271e-05
                    223    0.000968741705082351
                    225   6.882670729285544e-05
                    226    0.001153666512312264
                    228   0.0001291611873371668
                    229    0.001167353114970309
                    231   0.0002312377106216659
                    232    0.001280907946164156
                    246  -2.268771413738819e-05
                    247    0.001831998043783627
                    249   3.807716040533129e-05
                    250    0.002249330323962038
                    252    8.21697348608216e-05
                    253    0.002575425410687815
                    255    9.37735852632001e-05
                    256    0.002591959318279702
