                 #varID      adjointSensitivity
                    174   0.0002382712900006768
                    175   -0.004465752737650644
                    177   0.0001810665516190145
                    178   -0.004357135479512836
                    180    0.000172849135633845
                    181   -0.003314362071312396
                    183   9.782275070186365e-05
                    184   -0.001746956645825152
                    198   0.0001811777483896778
                    199   -0.004271995376191425
                    201    0.000191774967721207
                    202   -0.003997128255529695
                    204   0.0002937744766253833
                    205   -0.004549006951094781
                    207   0.0003040116008662328
                    208   -0.004356855429416545
                    222    1.38983012053606e-05
                    223     0.00100406092285884
                    225   6.920249019768634e-05
                    226    0.001232694130710941
                    228    0.000143410829427608
                    229    0.001264702762393138
                    231   0.0002602660007165311
                    232    0.001360040779594608
                    246  -2.665160173211903e-05
                    247    0.001889635695924364
                    249   3.809434957248458e-05
                    250    0.002375561489135938
                    252   8.925890049728689e-05
                    253    0.002713137110965555
                    255    0.000105368270835458
                    256    0.002657216787188083
