                 #varID      adjointSensitivity
                    174   0.0003514750480281887
                    175   -0.004052256854998434
                    177   0.0001679240558393069
                    178   -0.003764877884319032
                    180   0.0001144090921623277
                    181   -0.002983547417664321
                    183   4.382181138792743e-05
                    184   -0.001678241948427414
                    198   0.0002951311537312169
                    199   -0.003966476334130706
                    201   0.0001753164977993758
                    202   -0.003474832028102586
                    204   0.0001950854727657989
                    205   -0.004158267001531385
                    207   0.0001349042798442444
                    208   -0.004405468804084866
                    222   4.731802794132013e-05
                    223   0.0008692405032043613
                    225   6.641612116278005e-05
                    226     0.00095873241863476
                    228   9.340629313799958e-05
                    229   0.0009387936161136491
                    231   0.0001490035830055187
                    232    0.001086291806964754
                    246  -1.388766524263178e-05
                    247    0.001675257829157284
                    249   3.622562343266841e-05
                    250    0.001936412568225526
                    252     6.5063005380252e-05
                    253    0.002236618330853249
                    255   6.483366566566019e-05
                    256    0.002423206885877628
