                 #varID      adjointSensitivity
                    174  -0.0001935535202301887
                    175   -0.005851868156958888
                    177   0.0002387646196810806
                    178   -0.006434850932696107
                    180   0.0004254985624573225
                    181   -0.003996009671113025
                    183   0.0002189299675017383
                    184   -0.001588138939362633
                    198  -0.0002363888623283118
                    199    -0.00532759805162711
                    201   0.0002645062182810464
                    202   -0.005731714256029566
                    204   0.0006691894043509965
                    205   -0.004946788014977015
                    207   0.0006191312090703352
                    208   -0.003333375499669136
                    222  -0.0001267885927817527
                    223    0.001247296701552999
                    225    3.50237610520679e-05
                    226    0.002592995462283198
                    228   0.0003616802707221538
                    229    0.003236375801250169
                    231   0.0005615994923175301
                    232    0.002550397217735216
                    246  -0.0001099439694729845
                    247    0.002444448752420617
                    249  -1.798380806401989e-05
                    250    0.004493570082994286
                    252   0.0002294700127970868
                    253    0.005189640879882304
                    255   0.0003016890570387848
                    256    0.003581212499835165
