                 #varID      adjointSensitivity
                    174   0.0002995525111090992
                    175   -0.004249229309320332
                    177   0.0001744539331190239
                    178   -0.004043642531208601
                    180   0.0001405160585803669
                    181   -0.003145503960013109
                    183   6.970419055364464e-05
                    184   -0.001717936463423766
                    198   0.0002423397342258883
                    199     -0.0041120480874921
                    201    0.000183212410552671
                    202   -0.003721873729877122
                    204   0.0002399012571465021
                    205   -0.004356180306837532
                    207   0.0002183773819876821
                    208   -0.004400567566260751
                    222   3.210147672227275e-05
                    223   0.0009344081385100917
                    225   6.820084641532035e-05
                    226    0.001082288920662641
                    228    0.000116155891386733
                    229    0.001081675871619308
                    231   0.0002030194404282845
                    232    0.001209370723239734
                    246  -1.928930707221707e-05
                    247    0.001777069891795101
                    249   3.770555136557036e-05
                    250    0.002135008456698125
                    252   7.584519415276852e-05
                    253    0.002451277727115967
                    255   8.324103766190086e-05
                    256    0.002531525683213763
