                 #varID      adjointSensitivity
                    174    0.000374304285487698
                    175   -0.003960104804393059
                    177   0.0001646124673258227
                    178   -0.003636771986694081
                    180   0.0001033223447384631
                    181   -0.002905789146850721
                    183   3.181662322804675e-05
                    184   -0.001655589698648244
                    198   0.0003187233614216718
                    199   -0.003898229713607264
                    201   0.0001715085632799174
                    202   -0.003360610091603923
                    204   0.0001756678241863114
                    205     -0.0040594844024759
                    207   9.450270196023955e-05
                    208   -0.004396354672761836
                    222    5.39800962150288e-05
                    223    0.000838546034543879
                    225   6.533698217546766e-05
                    226   0.0009050376913090838
                    228   8.346028021698207e-05
                    229   0.0008789934077573494
                    231    0.000123200295731074
                    232    0.001033516598181516
                    246  -1.175955097098083e-05
                    247    0.001628232144884904
                    249   3.523626227029459e-05
                    250     0.00184982535512343
                    252   6.043939086712822e-05
                    253     0.00214331164027395
                    255   5.674634766404334e-05
                    256    0.002374517646453677
