                 #varID      adjointSensitivity
                    174   0.0003266057106285281
                    175    -0.00414851568959989
                    177   0.0001711973824199501
                    178   -0.003900289589631826
                    180    0.000126760526553689
                    181   -0.003063515846674435
                    183   5.645922455854981e-05
                    184   -0.001699168339031797
                    198   0.0002697120437360605
                    199   -0.004037650616797663
                    201   0.0001792063309343341
                    202     -0.0035950944214183
                    204   0.0002164429620395611
                    205    -0.00425739782808745
                    207   0.0001762535763348523
                    208   -0.004407241310573589
                    222   4.004624722280816e-05
                    223   0.0009012094940241211
                    225   6.738237445221885e-05
                    226    0.001017583870400539
                    228   0.0001042732204832264
                    229    0.001005960888887921
                    231   0.0001756087929612608
                    232    0.001144714239462981
                    246  -1.637851823257648e-05
                    247    0.001724841599400399
                    249   3.706595354187004e-05
                    250    0.002031118926217831
                    252   7.017326371154764e-05
                    253    0.002338850293289207
                    255   7.363280950555054e-05
                    256    0.002475418652282915
