                 #varID      adjointSensitivity
                    174  -0.0001301407695470573
                    175   -0.005645077931762126
                    177   0.0002266254055518867
                    178   -0.006127486865995539
                    180   0.0003882481887774682
                    181   -0.003946112095987014
                    183   0.0002100356646493002
                    184   -0.001642156969785214
                    198  -0.0001754511909678707
                    199   -0.005164852521004434
                    201     0.00025072278984541
                    202   -0.005488187523874317
                    204   0.0006178385624317389
                    205   -0.004985779309575263
                    207   0.0005995840388133925
                    208   -0.003539360964149053
                    222  -0.0001048696615584475
                    223    0.001247565173464956
                    225   4.615818742035563e-05
                    226    0.002347254315587863
                    228   0.0003254420992881578
                    229    0.002847513617840487
                    231   0.0005239141601103196
                    232    0.002366665022828471
                    246  -9.416847500358534e-05
                    247    0.002398466510800821
                    249  -5.641849156245234e-07
                    250    0.004119816007045769
                    252   0.0002012381992466671
                    253     0.00472507389204103
                    255   0.0002662875768293584
                    256    0.003438760181724495
