                 #varID      adjointSensitivity
                    174  -7.108862071560171e-05
                    175   -0.005457055567174049
                    177    0.000216845649583016
                    178   -0.005844994064343139
                    180   0.0003529179875500502
                    181   -0.003884646820649869
                    183   0.0001989098590014348
                    184   -0.001684376803419821
                    198  -0.0001187669788018074
                    199    -0.00501856452063432
                    201   0.0002390960746835321
                    202   -0.005259327226239559
                    204     0.00056806272821797
                    205   -0.004992181186952118
                    207   0.0005738384378489085
                    208   -0.003717561844545885
                    222  -8.472897354709955e-05
                    223    0.001233673172490561
                    225   5.412225725674735e-05
                    226    0.002135736654963421
                    228   0.0002933458623274073
                    229    0.002522711046768606
                    231   0.0004874623997731488
                    232    0.002196765814525064
                    246  -8.056975494931672e-05
                    247    0.002341168650817859
                    249   1.196102785990178e-05
                    250    0.003794341636379863
                    252    0.000178048465608455
                    253    0.004331151764140867
                    255   0.0002358474011075408
                    256    0.003307807250768082
