                 #varID      adjointSensitivity
                    174  -1.619092878182577e-05
                    175   -0.005284412200489917
                    177   0.0002089240921873892
                    178   -0.005584084216713234
                    180   0.0003199026925279925
                    181    -0.00381438256509799
                    183   0.0001861476986766364
                    184   -0.001716083545024166
                    198  -6.604840409288413e-05
                    199   -0.004885752275373178
                    201   0.0002292472240604063
                    202   -0.005044301140123835
                    204   0.0005205066075412355
                    205   -0.004972520158189332
                    207   0.0005431006858526379
                    208   -0.003869987934901339
                    222  -6.633886424478488e-05
                    223    0.001210394392878734
                    225    5.97561805998433e-05
                    226    0.001952458887725282
                    228   0.0002647334725973228
                    229    0.002249311663685808
                    231   0.0004521619886702814
                    232    0.002040820201980687
                    246  -6.889233861188818e-05
                    247    0.002277645453503937
                    249   2.092889945019282e-05
                    250    0.003509980214349753
                    252   0.0001587423117444158
                    253    0.003994589300351476
                    255    0.000209477229983678
                    256     0.00318811146255256
