                 #varID      adjointSensitivity
                    174   3.477146035392095e-05
                    175   -0.005124674773559385
                    177   0.0002024295966122825
                    178   -0.005342239466243607
                    180   0.0002893808165822264
                    181   -0.003737668418369746
                    183   0.0001722500095799474
                    184   -0.001738475710740154
                    198   -1.70211730701462e-05
                    199   -0.004764120349426366
                    201   0.0002208391665381807
                    202    -0.00484225361337895
                    204   0.0004755654122078563
                    205   -0.004932150087970546
                    207   0.0005084242997489963
                    208   -0.003998707613767592
                    222  -4.960006656004373e-05
                    223    0.001181046988400187
                    225   6.366585760055315e-05
                    226    0.001792605160224322
                    228   0.0002390870527095966
                    229    0.002017518468383218
                    231   0.0004179161865644946
                    232    0.001898386176644949
                    246    -5.8882631078487e-05
                    247    0.002211217550231364
                    249   2.728463470807573e-05
                    250     0.00326039036680571
                    252   0.0001424717049843373
                    253    0.003704689926549778
                    255   0.0001864655625954622
                    256    0.003078898395667958
