                 #varID      adjointSensitivity
                    174   8.202175402717354e-05
                    175    -0.00497596831660304
                    177    0.000197004581573386
                    178    -0.00511741447095178
                    180   0.0002613877305946042
                    181   -0.003656457295107074
                    183   0.0001576323628596541
                    184   -0.001752670395763714
                    198   2.857302523989443e-05
                    199   -0.004651870284965874
                    201   0.0002135813916701658
                    202   -0.004652317893159783
                    204   0.0004334533341606763
                    205   -0.004875468352175173
                    207   0.0004707267203967014
                    208   -0.004105786187967568
                    222  -3.438383178432244e-05
                    223    0.001147948786319606
                    225   6.629014411640134e-05
                    226     0.00165231095414131
                    228   0.0002159959624194361
                    229    0.001819692044811482
                    231   0.0003846412689292568
                    232    0.001768730415085593
                    246  -5.030801683451717e-05
                    247    0.002144055973505776
                    249   3.170492600274689e-05
                    250    0.003040214706673944
                    252   0.0001286073973148823
                    253    0.003452978981934482
                    255   0.0001662441862246936
                    256    0.002979212054192709
