                 #varID      adjointSensitivity
                    174    0.000125783831418055
                    175   -0.004836807150301338
                    177   0.0001923596352995217
                    178   -0.004907886284407368
                    180   0.0002358666999457079
                    181   -0.003572350949813957
                    183   0.0001426347492562814
                    184   -0.001759704263199953
                    198   7.097520472141769e-05
                    199   -0.004547573230555575
                    201   0.0002072294568227587
                    202   -0.004473639828410172
                    204    0.000394255038731525
                    205   -0.004806094051168994
                    207   0.0004308029222191223
                    208   -0.004193247270050719
                    222  -2.055391101068722e-05
                    223    0.001112724101559108
                    225   6.794916724786363e-05
                    226    0.001528466201718771
                    228   0.0001951302885967201
                    229    0.001649820201405005
                    231   0.0003522743533215902
                    232    0.001650981282839408
                    246  -4.296306986044905e-05
                    247    0.002077572869038023
                    249   3.468028320918962e-05
                    250    0.002845006975199886
                    252   0.0001166759943049863
                    253    0.003232761293215664
                    255   0.0001483576286189419
                    256    0.002888078043427487
