                 #varID      adjointSensitivity
                    174    0.000166275019610117
                    175   -0.004706008783186739
                    177   0.0001882648246170777
                    178    -0.00471217239512563
                    180   0.0002127037947073077
                    181   -0.003486644683945099
                    183   0.0001275308843507515
                    184   -0.001760529929678285
                    198   0.0001104086979029201
                    199   -0.004450085657709539
                    201   0.0002015815691690511
                    202   -0.004305396058221783
                    204   0.0003579632814405879
                    205   -0.004727002005836615
                    207   0.0003893360404744426
                    208   -0.004263033965596368
                    222  -7.977643954971535e-06
                    223    0.001076511567760006
                    225   6.887840685125242e-05
                    226    0.001418554218833694
                    228    0.000176220665872345
                    229    0.001503127811528746
                    231   0.0003207722981594907
                    232    0.001544221020992644
                    246  -3.666984370460729e-05
                    247     0.00201267263083764
                    249    3.65704536197867e-05
                    250    0.002671096705188038
                    252   0.0001063165409072578
                    253    0.003038730395034312
                    255   0.0001324388148591192
                    256    0.002804576415011345
