                 #varID      adjointSensitivity
                    174    0.000203704913427411
                    175   -0.004582602581975358
                    177   0.0001845444517203158
                    178   -0.004528975470741234
                    180   0.0001917522649478283
                    181   -0.003400375278074261
                    183   0.0001125374990868573
                    184   -0.001756017735417664
                    198   0.0001470796238124731
                    199   -0.004358478768917695
                    201   0.0001964738270731853
                    202   -0.004146803624908993
                    204   0.0003245074425100674
                    205   -0.004640637767515481
                    207   0.0003469084064640764
                    208   -0.004316991954233884
                    222   3.468782596982621e-06
                    223    0.001040106168730674
                    225   6.925256168086991e-05
                    226    0.001320524070947778
                    228    0.000159043592984538
                    229    0.001375786541740396
                    231   0.0002901079893456862
                    232    0.001447534766529978
                    246  -3.127604706592126e-05
                    247    0.001949917048033711
                    249   3.764195237544896e-05
                    250    0.002515452271404257
                    252   9.725016423869834e-05
                    253    0.002866655054889663
                    255   0.0001181900198779149
                    256    0.002727870918235672
