                 #varID      adjointSensitivity
                    174   0.0006836886812119612
                    175   -0.007284562039238995
                    177   0.0003000807214114241
                    178   -0.006649560754970557
                    180    0.000192622643671341
                    181   -0.005396528895585216
                    183   2.935696151359655e-05
                    184   -0.003002733766800819
                    198   0.0006466381391048198
                    199   -0.007365062732247061
                    201   0.0003218851376083997
                    202   -0.006309686863922848
                    204   0.0002890744818982496
                    205   -0.007728647846624524
                    207    0.000126139339650092
                    208   -0.008058698979454375
                    222   0.0001486673258555481
                    223   0.0002788347572610831
                    225    0.000139349906891155
                    226    0.001146941685554809
                    228   0.0001658560784159384
                    229    0.001046185831397683
                    231   0.0002375977859454395
                    232    0.001162360892758119
                    246   1.016496938386632e-05
                    247    0.001798103919599601
                    249   8.044850078662419e-05
                    250    0.002685442786444894
                    252   0.0001330865951683704
                    253    0.003272570005412776
                    255   0.0001289713756398841
                    256     0.00366288154126478
