                 #varID      adjointSensitivity
                    174  -0.0003418029232983194
                    175    -0.01001371336548526
                    177   0.0003956191299967732
                    178    -0.01073883815316269
                    180     0.00069397182242547
                    181   -0.006567663553235862
                    183   0.0003510430780385043
                    184   -0.002542834835121432
                    198  -0.0003895733572695632
                    199   -0.009462933700335244
                    201   0.0004317216484147225
                    202   -0.009747818941072701
                    204    0.001078715466512616
                    205   -0.008151635796672642
                    207   0.0009774074661354707
                    208   -0.005220762798677361
                    222  -7.281185249220291e-05
                    223   3.767977661468802e-05
                    225   8.672144737598863e-05
                    226    0.002895280555768235
                    228   0.0005712249017334267
                    229    0.004672192144554777
                    231   0.0008974360300512995
                    232    0.004164581769607263
                    246   -5.18598804425819e-05
                    247    0.001964840115483773
                    249   4.083699013764455e-06
                    250    0.005694086254582032
                    252   0.0003572429230838049
                    253    0.007686830914258259
                    255   0.0004835506218011855
                    256    0.005698790080849949
