                 #varID      adjointSensitivity
                    174   0.0005923422650040237
                    175   -0.007595876335205027
                    177   0.0003083640546086743
                    178   -0.007108651048298831
                    180   0.0002314264309771986
                    181    -0.00564539296275249
                    183   7.918851963442907e-05
                    184   -0.003053863661281122
                    198   0.0005454703661383638
                    199   -0.007596627815810979
                    201    0.000330239577804024
                    202   -0.006713611750157045
                    204   0.0003647445623977699
                    205   -0.008012657674105009
                    207   0.0002812888328178305
                    208    -0.00797730398459932
                    222   0.0001270550529986056
                    223   0.0003028311702785982
                    225   0.0001412279643642217
                    226    0.001274559835204084
                    228    0.000202664669396007
                    229    0.001229466887838597
                    231   0.0003249788511805147
                    232    0.001366561683162786
                    246     7.4754890786277e-06
                    247    0.001869056725196427
                    249   8.334703451189768e-05
                    250    0.002929281216687971
                    252   0.0001484947236350445
                    253     0.00355756365070643
                    255    0.000152526585720746
                    256    0.003809139183989411
