                 #varID      adjointSensitivity
                    174   0.0006399313371437629
                    175   -0.007438072666115378
                    177   0.0003043149413337429
                    178   -0.006874636379569266
                    180   0.0002109110541201474
                    181   -0.005521083372782944
                    183   5.384599620510475e-05
                    184   -0.003030949407876061
                    198   0.0005977271901331035
                    199   -0.007479306353948035
                    201   0.0003260631524298675
                    202   -0.006508138454195223
                    204    0.000325311269017621
                    205   -0.007873591501035273
                    207   0.0002034965915968426
                    208   -0.008027021774565185
                    222   0.0001382146292616831
                    223    0.000291148188235666
                    225   0.0001403996107620799
                    226    0.001207948147800033
                    228   0.0001836122467963433
                    229     0.00113169513272681
                    231    0.000280988287183007
                    232    0.001258568237428498
                    246   8.967578708707824e-06
                    247    0.001833431633761886
                    249   8.202092985941443e-05
                    250    0.002802769855373062
                    252   0.0001404665998790533
                    253    0.003408599195974187
                    255   0.0001402668426513031
                    256    0.003733024004913563
