                 #varID      adjointSensitivity
                    174   0.0004849225711565156
                    175   -0.007925577519369851
                    177   0.0003161314031685563
                    178   -0.007605181373409976
                    180   0.0002799112457129586
                    181   -0.005889627243200119
                    183    0.000131872462813295
                    184   -0.003080223445786556
                    198     0.00043039029116594
                    199   -0.007841757675662531
                    201   0.0003388867768534298
                    202   -0.007146466672467678
                    204   0.0004537534321609896
                    205   -0.008265335589052051
                    207   0.0004360458776523378
                    208   -0.007815769614866153
                    222   0.0001024578872943196
                    223   0.0003226401568514927
                    225   0.0001419992872242226
                    226    0.001427370259857668
                    228   0.0002449969721840755
                    229    0.001470008085828591
                    231   0.0004144709640019123
                    232    0.001622879792198865
                    246   3.437044982947883e-06
                    247    0.001939719427266203
                    249   8.491105840148408e-05
                    250    0.003213921468850219
                    252   0.0001668572448699969
                    253    0.003902234564563246
                    255   0.0001805606620509456
                    256    0.003982739482612727
