                 #varID      adjointSensitivity
                    174   0.0005407351112000128
                    175   -0.007758263572500635
                    177   0.0003122780901079053
                    178   -0.007352025262678573
                    180   0.0002543624306479857
                    181   -0.005768590440691268
                    183   0.0001052541441829685
                    184   -0.003070604168147907
                    198   0.0004897355448335779
                    199   -0.007717323216946081
                    201   0.0003344838399830502
                    202   -0.006926322746604039
                    204   0.0004075194792273742
                    205   -0.008143966999793296
                    207    0.000359003693444075
                    208   -0.007907575669937958
                    222   0.0001151495391612308
                    223   0.0003134957630824917
                    225   0.0001417830107938134
                    226    0.001347445398275803
                    228   0.0002230969624849643
                    229    0.001341465193729622
                    231   0.0003694963899909407
                    232    0.001487555960308723
                    246   5.647465894813514e-06
                    247    0.001904638113893765
                    249   8.434517090522876e-05
                    250     0.00306595998366609
                    252   0.0001572572608912463
                    253    0.003721355502538231
                    255   0.0001658985093957493
                    256    0.003892054954493754
