                 #varID      adjointSensitivity
                    174   0.0004247198158183767
                    175   -0.008098282084236188
                    177   0.0003200228058729761
                    178   -0.007868572172880478
                    180   0.0003082557605329975
                    181   -0.006007246266462663
                    183   0.0001588269970375879
                    184   -0.003081699645957895
                    198   0.0003673025493681699
                    199   -0.007970390223182272
                    201   0.0003435643307887876
                    202   -0.007374214351171286
                    204   0.0005035244721273821
                    205   -0.008374235930528749
                    207   0.0005117321415670137
                    208   -0.007699730682180757
                    222   8.893949772949505e-05
                    223   0.0003296171014017994
                    225   0.0001417937607861743
                    226    0.001515212781824512
                    228   0.0002684575262561262
                    229    0.001617843844610335
                    231   0.0004598418467712541
                    232    0.001773990453102461
                    246   7.923737929319387e-07
                    247     0.00197369539016335
                    249   8.491123339993633e-05
                    250     0.00337443337951791
                    252   0.0001774185913070678
                    253    0.004102915234139507
                    255   0.0001967286199969379
                    256    0.004082327378103405
