                 #varID      adjointSensitivity
                    174  -0.0002352695610775348
                    175   -0.009754493081028383
                    177   0.0003793556272725018
                    178    -0.01037507150015473
                    180   0.0006425929829287061
                    181   -0.006584235896799069
                    183   0.0003409490042695213
                    184   -0.002664949827551938
                    198   -0.000287321334113949
                    199   -0.009249666306629878
                    201   0.0004146116559417089
                    202   -0.009461571296677546
                    204    0.001010401377879957
                    205   -0.008347181964556074
                    207   0.0009580852285264709
                    208   -0.005645041964307155
                    222   -5.18270548300708e-05
                    223   0.0001366824766082741
                    225   0.0001024025367549957
                    226    0.002665296837591778
                    228   0.0005271096942063985
                    229    0.004075747972081328
                    231   0.0008427442980087916
                    232    0.003777728554772203
                    246    -4.3089804497589e-05
                    247    0.002031641812010131
                    249   2.814144026752331e-05
                    250    0.005330022280442234
                    252   0.0003244630801601394
                    253    0.007021739508244154
                    255   0.0004296749750107778
                    256    0.005420981784065743
