                 #varID      adjointSensitivity
                    174  -0.0001341924605540967
                    175    -0.00951114884896518
                    177   0.0003660620168314019
                    178    -0.01002235179035923
                    180   0.0005918445188328003
                    181   -0.006572894366485866
                    183   0.0003264049188114861
                    184   -0.002769224313673256
                    198  -0.0001898345894720195
                    199   -0.009053338146776948
                    201   0.0004000102322967164
                    202   -0.009178618503886082
                    204   0.0009408172049699996
                    205   -0.008484320520669742
                    207   0.0009278792443512096
                    208   -0.006028991965646986
                    222  -3.123645500909908e-05
                    223   0.0002082384661469575
                    225   0.0001141717774034304
                    226    0.002460534439422615
                    228   0.0004862726848511271
                    229    0.003573699707369256
                    231   0.0007908791592271098
                    232    0.003428128737914427
                    246  -3.496203608019906e-05
                    247    0.002069960320346923
                    249   4.590351238085739e-05
                    250     0.00499847461976867
                    252   0.0002964478514109967
                    253    0.006454560357030876
                    255   0.0003841413383497819
                    256    0.005176324636281748
