                 #varID      adjointSensitivity
                    174  -3.859037333844055e-05
                    175   -0.009281063357345595
                    177   0.0003552870935573904
                    178   -0.009680667325825265
                    180   0.0005427825971483846
                    181   -0.006537579774681407
                    183   0.0003082049199224897
                    184   -0.002856488161911486
                    198   -9.70282967911292e-05
                    199   -0.008871031468417757
                    201   0.0003876416782206731
                    202   -0.008900408558432856
                    204   0.0008714070795501705
                    205   -0.008571036873079477
                    207   0.0008880069949578686
                    208   -0.006373514586115177
                    222  -1.133031032274646e-05
                    223   0.0002587832438052887
                    225   0.0001229434500321794
                    226    0.002277944104060002
                    228   0.0004483349064708844
                    229     0.00314871081753934
                    231   0.0007410121127381715
                    232    0.003112385670035522
                    246  -2.761229497391058e-05
                    247    0.002087101750922781
                    249   5.891596503508151e-05
                    250    0.004697147887084014
                    252   0.0002722855679486663
                    253    0.005967768988127539
                    255   0.0003452777247340833
                    256    0.004960532902064211
