                 #varID      adjointSensitivity
                    174   5.157214979289602e-05
                    175   -0.009062368969353311
                    177   0.0003465635785798657
                    178   -0.009350220446162568
                    180   0.0004961137543139403
                    181   -0.006482003158355423
                    183   0.0002870874257815253
                    184   -0.002927695240292085
                    198  -8.810661665072957e-06
                    199   -0.008700458617922653
                    201   0.0003771958507402473
                    202   -0.008628050192498302
                    204   0.0008032752097625819
                    205   -0.008614355283917633
                    207   0.0008396882260002798
                    208   -0.006679845737433594
                    222   7.730116212474684e-06
                    223    0.000293225765806801
                    225   0.0001294123499758639
                    226    0.002114760067406121
                    228   0.0004129988852862897
                    229    0.002787149458125077
                    231   0.0006925237086566467
                    232     0.00282738777418218
                    246  -2.107664655217134e-05
                    247    0.002088528123152863
                    249   6.832455933535281e-05
                    250    0.004423254539818416
                    252   0.0002512658118574002
                    253    0.005547079647110688
                    255   0.0003117973445349225
                    256    0.004769639078113299
