                 #varID      adjointSensitivity
                    174   0.0001363758828015707
                    175   -0.008853649122904442
                    177   0.0003394505126852827
                    178   -0.009031186412298621
                    180   0.0004522807899561563
                    181   -0.006409565881322666
                    183   0.0002637259318965801
                    184   -0.002983899710308604
                    198   7.492012963984158e-05
                    199   -0.008539794092604806
                    201    0.000368359223602183
                    202   -0.008362348940119668
                    204   0.0007372468684239396
                    205   -0.008620488474570219
                    207   0.0007841245220307092
                    208   -0.006949517221861058
                    222   2.586437745292651e-05
                    223   0.0003153337381206862
                    225    0.000134104896819068
                    226    0.001968546916392976
                    228    0.000380029504813788
                    229    0.002478200291190134
                    231   0.0006449743855517839
                    232    0.002570320450616183
                    246  -1.533595801188816e-05
                    247    0.002078351503204958
                    249   7.498479028784265e-05
                    250    0.004173988870085975
                    252   0.0002328322111248648
                    253    0.005180992927940345
                    255   0.0002827009736860193
                    256    0.004600147762726934
