                 #varID      adjointSensitivity
                    174   0.0002159389763544185
                    175   -0.008653754361284594
                    177   0.0003335517436515665
                    178   -0.008723629217295314
                    180   0.0004115291040721215
                    181   -0.006323328423168614
                    183   0.0002387236936033594
                    184   -0.003026229301142789
                    198   0.0001542754338685517
                    199   -0.008387560098179985
                    201   0.0003608336704103731
                    202   -0.008103855052319945
                    204   0.0006739188999779081
                    205   -0.008594944446972364
                    207   0.0007224786848880679
                    208   -0.007184310232705536
                    222   4.304254676844005e-05
                    223   0.0003280136326763064
                    225   0.0001374201489522077
                    226    0.001837188675240627
                    228    0.000349237194566884
                    229    0.002213195295477741
                    231   0.0005980706201858526
                    232    0.002338642054757584
                    246   -1.03421075348791e-05
                    247    0.002059683484852092
                    249    7.95403907045899e-05
                    250    0.003946723075777186
                    252    0.000216546049005378
                    253    0.004860276945774473
                    255   0.0002572054638690593
                    256     0.00444904846386578
