                 #varID      adjointSensitivity
                    174   0.0002904064411543314
                    175   -0.008461743188819107
                    177   0.0003285250459875237
                    178   -0.008427483619869473
                    180   0.0003739578331191263
                    181    -0.00622600094288586
                    183     0.00021261154975074
                    184   -0.003055852326580492
                    198   0.0002293742048365775
                    199   -0.008242552364639028
                    201   0.0003543472882249669
                    202   -0.007852909870030525
                    204   0.0006137018459859477
                    205   -0.008542599056275786
                    207   0.0006558557629557709
                    208   -0.007386191721447163
                    222   5.926589348835083e-05
                    223   0.0003335173222716451
                    225   0.0001396614186138218
                    226    0.001718859023045465
                    228   0.0003204647244113006
                    229    0.001985119893824981
                    231   0.0005516325836000188
                    232    0.002130055595631681
                    246  -6.033424291944123e-06
                    247    0.002034888470450035
                    249   8.247939458749169e-05
                    250    0.003739078569674902
                    252   0.0002020588001193466
                    253    0.004577505237631364
                    255   0.0002346914716092129
                    256    0.004313775332402194
