                 #varID      adjointSensitivity
                    174   0.0003599422864487532
                    175   -0.008276826189582798
                    177   0.0003240907023920711
                    178   -0.008142565610464553
                    180   0.0003395604194916411
                    181   -0.006119956137921823
                    183   0.0001858489917436817
                    184   -0.003073952189575643
                    198   0.0003003407137196166
                    199   -0.008103770432646143
                    201   0.0003486598632124565
                    202   -0.007609682860788844
                    204   0.0005568565589956743
                    205   -0.008467764401488742
                    207   0.0005852896211147908
                    208   -0.007557269195042515
                    222   7.455452636640419e-05
                    223   0.0003335968087544842
                    225   0.0001410601361117975
                    226    0.001611985348784842
                    228   0.0002935776753813884
                    229    0.001788242952866032
                    231   0.0005055666143398919
                    232    0.001942472898272123
                    246  -2.343761768125604e-06
                    247    0.002005767784197043
                    249   8.417431662810233e-05
                    250    0.003548938207826773
                    252   0.0001890913900486849
                    253    0.004326676750470753
                    255    0.000214664946459584
                    256     0.00419215048347747
