               #Cycle       LineSearchIters          CycleCPUcost  CyclePrimalSolutions CycleAdjointSolutions          TotalCPUcost  TotalPrimalSolutions TotalAdjointSolutions
                    2                     1                  52.6                     1                     1                  52.6                     2                     2
                    3                     1     33.48999999999999                     1                     1     86.06999999999999                     3                     3
                    4                     1     33.10000000000001                     1                     1                119.15                     4                     4
                    5                     1                 32.69                     1                     1                151.84                     5                     5
                    6                     1     32.43000000000001                     1                     1                184.32                     6                     6
                    7                     1     31.78999999999999                     1                     1                216.03                     7                     7
                    8                     1                 31.94                     1                     1                247.97                     8                     8
                    9                     1                 31.47                     1                     1                279.44                     9                     9
                   10                     1     31.16000000000003                     1                     1                310.66                    10                    10
                   11                     1                 31.25                     1                     1                341.82                    11                    11
                   12                     1     31.04000000000002                     1                     1                372.86                    12                    12
                   13                     1     30.15000000000003                     1                     1                 403.1                    13                    13
                   14                     1                 29.63                     1                     1                432.62                    14                    14
                   15                     1     29.39000000000004                     1                     1                462.16                    15                    15
