                 #varID      adjointSensitivity
                    174   0.0007871207126847722
                    175    -0.01439309782547273
                    177   0.0008367754810267002
                    178    -0.01449043715570613
                    180   0.0007683117532059581
                    181    -0.01149997943986278
                    183   0.0003002304858879353
                    184   -0.006311880615215619
                    198   0.0007226652194966788
                    199    -0.01394164347115612
                    201   0.0008673193668495072
                    202    -0.01378465992418063
                    204    0.001126683629835663
                    205     -0.0164383692899116
                    207   0.0009072879496285159
                    208    -0.01717438011971613
                    222   0.0001574648747051832
                    223    0.001739588369467597
                    225   0.0002476583184324161
                    226    0.002865620043826599
                    228   0.0004252258134223709
                    229    0.002847744552464539
                    231   0.0007495135735380717
                    232    0.001932536584218543
                    246  -6.332768492168768e-05
                    247    0.004899407754611106
                    249   4.882774298310645e-05
                    250    0.006166814675384448
                    252   0.0002681325138212548
                    253    0.007191524463594164
                    255   0.0003321838131018311
                    256    0.007293642956457562
