                 #varID      adjointSensitivity
                    174    0.001068479243768736
                    175    -0.01357695391857268
                    177   0.0008077197127954725
                    178    -0.01285322242236966
                    180   0.0006396099117636401
                    181    -0.01051144173885112
                    183   0.0001229539968767233
                    184   -0.006060654428271995
                    198    0.001040193787114653
                    199    -0.01342054964770952
                    201    0.000843732939241915
                    202    -0.01238956895379907
                    204   0.0008580263981517049
                    205    -0.01526300206381154
                    207   0.0003444525701992054
                    208    -0.01723994537763989
                    222   0.0002198276144078099
                    223     0.00150332034773663
                    225    0.000237450181083856
                    226    0.002183379919371303
                    228   0.0002994797363980598
                    229    0.002106044602438683
                    231   0.0004585902988935926
                    232    0.001417670710160966
                    246  -7.433815289714435e-05
                    247    0.004458605972072085
                    249    3.14590560280179e-05
                    250    0.004929365933907893
                    252   0.0002322451423080484
                    253    0.005897838329329059
                    255   0.0002449551903135176
                    256    0.006765575526777469
