                 #varID      adjointSensitivity
                    174    0.000889157716099648
                    175    -0.01412394028558899
                    177   0.0008294246184363738
                    178    -0.01392790110733658
                    180    0.000720249571069396
                    181    -0.01116706397994927
                    183   0.0002388821243325806
                    184    -0.00624179767156225
                    198   0.0008353670431585985
                    199    -0.01377113936432573
                    201   0.0008609175422568432
                    202    -0.01330907742063335
                    204    0.001029124844359103
                    205    -0.01605724128468974
                    207   0.0007185040669968416
                    208    -0.01724601780227881
                    222   0.0001798862269191313
                    223    0.001656928192878706
                    225   0.0002446572472428114
                    226     0.00260395941822378
                    228   0.0003792692718836018
                    229    0.002555654893945737
                    231    0.000651816620875103
                    232    0.001734153426024615
                    246  -6.587493806483767e-05
                    247    0.004744740466015599
                    249   4.292268616879098e-05
                    250    0.005704960204988757
                    252   0.0002534818497472733
                    253    0.006706804248157103
                    255   0.0003008278272729811
                    256    0.007105124738324507
