                 #varID      adjointSensitivity
                    174  -0.0005029260061036427
                    175    -0.01677222011865485
                    177    0.000868536501390372
                    178     -0.0203164426001445
                    180    0.001478017203140614
                    181    -0.01372200348344696
                    183   0.0007661921144938198
                    184   -0.005489992982242876
                    198  -0.0005724417188749844
                    199    -0.01559246127948211
                    201   0.0009247970010927631
                    202    -0.01823876523327404
                    204    0.002310097168235497
                    205    -0.01726503126505417
                    207    0.002068298297178515
                    208      -0.012581644425502
                    222  -0.0001451514428240782
                    223    0.001793573979161566
                    225   0.0001653620404269713
                    226     0.00923424757130323
                    228    0.001201569801201667
                    229     0.01138089016867059
                    231    0.001486294714152911
                    232    0.005169679917735826
                    246   -0.000205223427350471
                    247    0.005841614278204894
                    249  -1.507793753095571e-05
                    250     0.01573984748231736
                    252   0.0008446211181290467
                    253     0.01832160384997946
                    255    0.000815880031758442
                    256    0.009793037059943593
