                 #varID      adjointSensitivity
                    174    0.001215106114230061
                    175    -0.01301965451326556
                    177   0.0007778321233137518
                    178    -0.01183916397655997
                    180   0.0005766124270198494
                    181   -0.009877988509648149
                    183   1.796277772433659e-05
                    184    -0.00584236326853331
                    198    0.001217875835984668
                    199    -0.01305940995495628
                    201   0.0008206167053744959
                    202     -0.0115128917451434
                    204   0.0007160346358745619
                    205    -0.01445471393189021
                    207  -1.504875655788723e-05
                    208    -0.01708094413629531
                    222   0.0002539831690777255
                    223    0.001368864052893308
                    225   0.0002292422616920608
                    226    0.001865988794378932
                    228   0.0002331862215240593
                    229    0.001785554000889502
                    231   0.0002714985821636691
                    232    0.001188340026730528
                    246   -8.57141694395199e-05
                    247    0.004204569580401157
                    249   2.095938616270996e-05
                    250    0.004305438170491065
                    252   0.0002185812613042992
                    253    0.005247931269447976
                    255   0.0001963533676345333
                    256    0.006465535883308543
