                 #varID      adjointSensitivity
                    174    0.001145816971223533
                    175     -0.0132992863234949
                    177   0.0007937799028596064
                    178    -0.01233903227074015
                    180    0.000606071076981807
                    181     -0.0101916422783361
                    183   6.898665123837973e-05
                    184   -0.005955094205820255
                    198     0.00113238852643177
                    199    -0.01324107055413506
                    201   0.0008328975584903356
                    202    -0.01194581354603448
                    204   0.0007836257613546511
                    205    -0.01485896308920315
                    207   0.0001623141810187284
                    208    -0.01717652902409608
                    222   0.0002375804762624572
                    223     0.00143359935218022
                    225    0.000233438767118009
                    226    0.002013850680002311
                    228   0.0002648170563284361
                    229    0.001932670852918608
                    231   0.0003640794459147717
                    232     0.00129350755739648
                    246  -7.975370483667395e-05
                    247    0.004327634444381103
                    249   2.606951787572634e-05
                    250    0.004601243073925222
                    252   0.0002246474028927627
                    253    0.005556276423644174
                    255   0.0002198593768259065
                    256    0.006611313828952895
