                 #varID      adjointSensitivity
                    174   0.0009829638684366124
                    175    -0.01385204080090718
                    177   0.0008196557354730323
                    178    -0.01338260333411597
                    180   0.0006775075029331187
                    181    -0.01083695929371498
                    183   0.0001796683367940051
                    184    -0.00615705432319904
                    198   0.0009412041976846598
                    199    -0.01359734641167756
                    201   0.0008530737084916234
                    202    -0.01284399107139918
                    204   0.0009397046601126684
                    205    -0.01566371917752679
                    207    0.000530306787241717
                    208    -0.01726530274934578
                    222   0.0002006318067391466
                    223    0.001577908102689173
                    225   0.0002412164851399953
                    226    0.002378505392420585
                    228   0.0003375029980076331
                    229    0.002311369189797866
                    231   0.0005546557400707257
                    232    0.001563585977710858
                    246  -6.963891290571967e-05
                    247     0.00459766844341491
                    249   3.709727215733989e-05
                    250    0.005295123284097712
                    252   0.0002417110030762291
                    253    0.006278792177934381
                    255   0.0002718573647190674
                    256    0.006929671835156118
