                 #varID      adjointSensitivity
                    174  -0.0003308676905147011
                    175     -0.0164902274405925
                    177   0.0008561484408730468
                    178    -0.01961289344811656
                    180    0.001382355031543056
                    181    -0.01366657001771787
                    183   0.0007454795798201381
                    184   -0.005783913676884131
                    198  -0.0004080447587773816
                    199     -0.0153505369286782
                    201   0.0009098749389249415
                    202    -0.01779267449994959
                    204     0.00217190819980142
                    205    -0.01767293469858882
                    207    0.002047619640825287
                    208    -0.01354883702103143
                    222    -0.00010197172716245
                    223    0.002009120189756877
                    225   0.0002021709119601621
                    226    0.007806359582043333
                    228    0.001055156385425973
                    229    0.009336194065539878
                    231    0.001437834073050233
                    232    0.004750200795665619
                    246  -0.0001606988045407215
                    247    0.005940658301452319
                    249   2.843778045132452e-05
                    250     0.01374804344781631
                    252   0.0006854182931433713
                    253     0.01583235275827385
                    255   0.0007354668354027103
                    256    0.009469674135897487
