                 #varID      adjointSensitivity
                    174  -0.0001643614186742776
                    175    -0.01622128480800872
                    177   0.0008496910191355287
                    178    -0.01891738087961593
                    180     0.00128639764953596
                    181    -0.01352676473453719
                    183   0.0007106279720462767
                    184   -0.006011598579468653
                    198  -0.0002473081690703095
                    199    -0.01514070125697996
                    201   0.0008993029181202471
                    202    -0.01730939732347237
                    204    0.002027433682978086
                    205    -0.01787646792782647
                    207    0.001985051364460659
                    208    -0.01439082158539548
                    222  -6.045159994486288e-05
                    223    0.002109852916059916
                    225   0.0002249414420478059
                    226    0.006684847739209911
                    228   0.0009339605671958157
                    229    0.007761698066215852
                    231    0.001374129201645903
                    232    0.004300813980585683
                    246  -0.0001272908068240509
                    247    0.005925174525874775
                    249   5.210272897895581e-05
                    250      0.0121368452998965
                    252   0.0005709195523453381
                    253     0.01387965293246748
                    255   0.0006630756895622883
                    256    0.009133573976597564
