                 #varID      adjointSensitivity
                    174  -4.454351551706889e-06
                    175    -0.01595959855718943
                    177   0.0008470496593524625
                    178    -0.01823418446100649
                    180    0.001193575253128389
                    181    -0.01332313157016425
                    183   0.0006649575292362476
                    184   -0.006179523004985485
                    198  -9.113909241343808e-05
                    199    -0.01495161679470851
                    201   0.0008920381627356121
                    202    -0.01680608815863506
                    204    0.001881830627906806
                    205    -0.01792128128274561
                    207    0.001887823730082467
                    208    -0.01510578542867746
                    222  -2.152416664249123e-05
                    223    0.002135444934669556
                    225   0.0002386878013959772
                    226    0.005786594376945568
                    228   0.0008310856601570608
                    229    0.006530380580198373
                    231    0.001299898459153695
                    232     0.00385920102066658
                    246  -0.0001029401957507049
                    247    0.005838842375839373
                    249   6.369679004961971e-05
                    250     0.01081204116832947
                    252   0.0004867600132617436
                    253     0.01231966708786858
                    255   0.0005986790550770171
                    256    0.008807696988328404
