                 #varID      adjointSensitivity
                    174    0.000148113209671336
                    175    -0.01570123461034874
                    177   0.0008464652301028403
                    178    -0.01756631148347339
                    180    0.001105974968345316
                    181     -0.0130726161839971
                    183   0.0006114333532615227
                    184   -0.006294740597890626
                    198   5.980497909413595e-05
                    199    -0.01477528724927454
                    201   0.0008870177807238516
                    202    -0.01629395150982517
                    204    0.001738841975529957
                    205    -0.01784359743998714
                    207     0.00176266137341559
                    208    -0.01569857096946854
                    222   1.457358601937662e-05
                    223    0.002112724397025817
                    225   0.0002465591975796832
                    226    0.005055619293129301
                    228   0.0007420161912901912
                    229    0.005554597076007806
                    231    0.001217976510445721
                    232    0.003444627774573452
                    246  -8.578347686325144e-05
                    247    0.005710163533229773
                    249   6.790683652247278e-05
                    250    0.009706833767860962
                    252   0.0004236930278451202
                    253     0.01105169076286985
                    255   0.0005414822185247385
                    256    0.008501536466038266
