                 #varID      adjointSensitivity
                    174   0.0002928207256387553
                    175    -0.01544355328329866
                    177    0.000846549556744661
                    178    -0.01691562699232196
                    180     0.00102473013746244
                    181    -0.01278884420096566
                    183   0.0005525937203525677
                    184   -0.006364321662028919
                    198    0.000205032617871341
                    199    -0.01460611688847801
                    201   0.0008832772289387083
                    202    -0.01578030143609804
                    204    0.001601061345960354
                    205    -0.01767216120225445
                    207    0.001615677248049313
                    208    -0.01617779559814118
                    222   4.790481103993062e-05
                    223    0.002059851172650639
                    225   0.0002505555665799953
                    226    0.004452991685993449
                    228   0.0006637453200296112
                    229    0.004772549909095111
                    231    0.001130329031159655
                    232    0.003066008586631573
                    246  -7.426752092094509e-05
                    247    0.005557804142669339
                    249   6.761359762742477e-05
                    250    0.008773174135452196
                    252   0.0003756317553160798
                    253     0.01000466934830071
                    255   0.0004905143196244227
                    256    0.008218087981440929
