                 #varID      adjointSensitivity
                    174   0.0004292555671443504
                    175    -0.01518435395125238
                    177   0.0008463594588742719
                    178    -0.01628243771038188
                    180   0.0009503395601673657
                    181    -0.01248265093646377
                    183   0.0004905348894911783
                    184   -0.006395046603459947
                    198    0.000344174859522266
                    199    -0.01444031161061582
                    201   0.0008800055426395335
                    202    -0.01526988325938746
                    204    0.001470187456844594
                    205    -0.01742983356447579
                    207    0.001452306465624462
                    208    -0.01655411695261796
                    222   7.865075165110506e-05
                    223    0.001989077367822241
                    225   0.0002519613720061715
                    226    0.003950800396746165
                    228    0.000594214500317424
                    229     0.00413967495920078
                    231    0.001038487980730899
                    232    0.002726370964076078
                    246  -6.714440754994723e-05
                    247    0.005393944715595651
                    249   6.461542623952595e-05
                    250    0.007975778806754364
                    252   0.0003384757868713307
                    253    0.009127698222968933
                    255   0.0004448493077680525
                    256    0.007957269043043769
