                 #varID      adjointSensitivity
                    174   0.0005572931254358301
                    175    -0.01492287626534298
                    177   0.0008449675577161142
                    178    -0.01566780333388737
                    180   0.0008829196431148692
                    181    -0.01216194171659393
                    183   0.0004269565750699373
                    184   -0.006393016938478042
                    198   0.0004769487625020988
                    199    -0.01427515464753972
                    201   0.0008765556392780675
                    202    -0.01476585825738823
                    204    0.001347229691584239
                    205      -0.017134554830225
                    207    0.001277235391942945
                    208    -0.01683852181259182
                    222    0.000107022862789052
                    223    0.001908729505034883
                    225   0.0002516120374750415
                    226    0.003528538561401814
                    228    0.000531961115889275
                    229    0.003623254766953956
                    231   0.0009437129059346372
                    232    0.002425621469232749
                    246  -6.343078120388864e-05
                    247    0.005226525168853941
                    249   6.004789648433092e-05
                    250    0.007288258092017694
                    252   0.0003094022952648654
                    253    0.008383705559856102
                    255   0.0004036762639170494
                    256    0.007717615947384659
