                 #varID      adjointSensitivity
                    174   0.0006764723547189786
                    175    -0.01465951935399577
                    177    0.000841874636870188
                    178    -0.01507006714273331
                    180   0.0008224672183945182
                    181    -0.01183256493132902
                    183   0.0003631817726084826
                    184   -0.006363658316506376
                    198   0.0006031606518572604
                    199    -0.01410948562415734
                    201   0.0008724576866031794
                    202    -0.01427055069274295
                    204    0.001232684894596141
                    205    -0.01680036068185032
                    207    0.001094444982247778
                    208      -0.017041752669924
                    222   0.0001332323607561095
                    223    0.001824304731534547
                    225   0.0002500583444099739
                    226    0.003170718750019723
                    228   0.0004759054511147059
                    229    0.003198820946052562
                    231   0.0008470768438070366
                    232    0.002161964629610979
                    246  -6.235782528687429e-05
                    247    0.005060617957180736
                    249   5.463239548531354e-05
                    250    0.006690472409362404
                    252   0.0002864277333175663
                    253    0.007745213001500219
                    255   0.0003663105394529957
                    256    0.007497120373148515
