                 #varID      adjointSensitivity
                    174    0.004093679407937336
                    175     -0.1722307813159314
                    177     0.01114718333418194
                    178     -0.1887023551494239
                    180     0.01390655521005875
                    181     -0.1603855496227031
                    183    0.009409465697182314
                    184    -0.09147043512690807
                    198    0.001004945236283033
                    199    -0.05873667888710263
                    201    0.005054553642091593
                    202    -0.07590426930642369
                    204     0.01175593203682724
                    205     -0.1198934474524619
                    207     0.01777351500502653
                    208     -0.1431225187154164
                    222   -0.003679354500708257
                    223     0.05152787923073415
                    225     0.00146437606723312
                    226     0.04866088254680158
                    228    0.004887239422073681
                    229     0.04788635064011759
                    231     0.01581869971044316
                    232     0.04385141071210372
                    246   -0.009712300601550004
                    247      0.1707150031223029
                    249     0.00405657154736648
                    250      0.1898718549325235
                    252    0.007212202700448359
                    253      0.1910376350063822
                    255      0.0168618560020294
                    256       0.162373142788298
