                 #varID      adjointSensitivity
                    174    0.006459410518932275
                    175     -0.1721328971631373
                    177     0.01199615673970451
                    178     -0.1889495422571476
                    180     0.01383140084662713
                    181     -0.1606675759399238
                    183    0.008385733705162692
                    184    -0.09156001720168902
                    198    0.001793113855440026
                    199    -0.05870536015279647
                    201    0.005416082782384994
                    202    -0.07600702469470266
                    204     0.01133483277791196
                    205     -0.1200699185725798
                    207     0.01543178686597389
                    208     -0.1431945083152389
                    222   -0.004582219507012654
                    223     0.05145486499895861
                    225    0.002253549994718153
                    226     0.04882582707488892
                    228    0.005422713893221236
                    229     0.04813760289255048
                    231     0.01564314433098673
                    232     0.04377485848009807
                    246    -0.01225315395850832
                    247      0.1705330865643111
                    249     0.00689411534187116
                    250      0.1904882185784531
                    252    0.009425348258836327
                    253      0.1919303193559256
                    255     0.01776347099374155
                    256      0.1624233886471107
