                 #varID      adjointSensitivity
                    174   -0.002523885787719663
                    175     -0.1724013586263505
                    177     0.01167738067695543
                    178     -0.1879270525185732
                    180     0.01939731537889951
                    181     -0.1592500454332717
                    183     0.01272303981545525
                    184    -0.09116931209507385
                    198   -0.001288227678730746
                    199    -0.05878680222072158
                    201     0.00563728374634123
                    202    -0.07556530862474319
                    204     0.01635433230948805
                    205     -0.1191671978758044
                    207     0.02211839606670593
                    208     -0.1430815134764555
                    222   -0.002822338735083751
                    223     0.05166561459800723
                    225   0.0005497140446037141
                    226     0.04806129500751345
                    228    0.006623015328983121
                    229     0.04716145487730637
                    231     0.01529621385328692
                    232     0.04406829870252271
                    246   -0.007485892661166066
                    247      0.1709363010700451
                    249   0.0001702923123674877
                    250      0.1876290748574122
                    252     0.01043782263901934
                    253      0.1883848349712206
                    255     0.01612330453984435
                    256      0.1623304895325802
