                 #varID      adjointSensitivity
                    174    0.004548768192288261
                    175     -0.1722235559236962
                    177     0.01130692599970353
                    178     -0.1888075786899461
                    180     0.01394880697753977
                    181     -0.1604817316394325
                    183    0.009217042116248839
                    184    -0.09148785218180903
                    198    0.001159487709905963
                    199    -0.05873495772796768
                    201    0.005124706423028444
                    202    -0.07594669646158002
                    204     0.01170528434108628
                    205     -0.1199478475048532
                    207     0.01730828853616675
                    208     -0.1431195989921211
                    222   -0.003838758973754702
                    223     0.05150839855118511
                    225    0.001533823286202134
                    226      0.0487245135987797
                    228    0.004904772795532563
                    229     0.04796948044809984
                    231     0.01583731748283684
                    232     0.04382725474224712
                    246    -0.01017949609165462
                    247      0.1706759075732903
                    249     0.00430738895905639
                    250      0.1901107743734518
                    252    0.007333383443183337
                    253      0.1913305311553728
                    255      0.0170870939656824
                    256      0.1623772306305691
