                 #varID      adjointSensitivity
                    174    0.005184601204783468
                    175     -0.1722017232231007
                    177     0.01153383571470254
                    178     -0.1889013476228049
                    180     0.01396280102157189
                    181     -0.1605789105196594
                    183    0.008949616107209216
                    184    -0.09151284910458796
                    198    0.001372981121871044
                    199    -0.05872824444705786
                    201    0.005221581621885799
                    202    -0.07598516890428628
                    204     0.01161305452317083
                    205     -0.1200061361337288
                    207     0.01667716914624002
                    208     -0.1431318980336729
                    222   -0.004070698308946792
                    223     0.05148566946534837
                    225    0.001688757342878754
                    226     0.04878385927637889
                    228    0.004995498967455077
                    229     0.04805487077813166
                    231     0.01582881992149606
                    232     0.04380181620971172
                    246    -0.01084481709921004
                    247      0.1706230125773348
                    249    0.004865247411017171
                    250      0.1903330378972466
                    252    0.007732886262764674
                    253        0.19163278795852
                    255     0.01737313813849977
                    256      0.1623887237231184
