                 #varID      adjointSensitivity
                    174     0.00117033005660477
                    175     -0.1722405077506432
                    177     0.01068908428134259
                    178     -0.1880886926017022
                    180     0.01488581103060738
                    181     -0.1597900860054526
                    183     0.01090075425509995
                    184    -0.09136386498513441
                    198  -6.952118808223253e-06
                    199    -0.05873561510368151
                    201    0.004921051373213234
                    202    -0.07565595944344755
                    204     0.01296618759749057
                    205     -0.1195505774298592
                    207     0.02043622221441901
                    208     -0.1431668715529595
                    222   -0.002981635701761124
                    223     0.05161955285476061
                    225     0.00124096506118186
                    226     0.04825990419869212
                    228    0.005413963128394563
                    229     0.04740958430626037
                    231     0.01552027419120915
                    232     0.04399906022849107
                    246   -0.007667100107936114
                    247      0.1708551135823216
                    249    0.003125740939856809
                    250      0.1883693316733736
                    252    0.008180196493196467
                    253      0.1893438379556253
                    255     0.01581014409389757
                    256       0.162382019377719
