                 #varID      adjointSensitivity
                    174    0.003709801100201605
                    175     -0.1722312115417051
                    177     0.01101637975486941
                    178     -0.1885938923287757
                    180     0.01386278065262337
                    181     -0.1602921445358486
                    183    0.009578499847191052
                    184    -0.09145676147666633
                    198   0.0008735478153980201
                    199    -0.05873610166718903
                    201    0.004995934481967514
                    202    -0.07586091372266333
                    204      0.0117990143922989
                    205     -0.1198421396588563
                    207      0.0181769249071729
                    208      -0.143131932214881
                    222   -0.003548596339181702
                    223     0.05154537171649225
                    225    0.001423528151993619
                    226     0.04859605492303957
                    228    0.004898583497877646
                    229     0.04780577673542989
                    231     0.01579328179967412
                    232     0.04387481333484541
                    246   -0.009324752924432285
                    247      0.1707463745929565
                    249    0.003907978777490081
                    250      0.1896282724013426
                    252    0.007194195650576571
                    253      0.1907544204703859
                    255     0.01666937754907043
                    256      0.1623726797091469
