                 #varID      adjointSensitivity
                    174   -0.001002412773417285
                    175     -0.1723106227822211
                    177     0.01098350859493485
                    178     -0.1879462322884149
                    180     0.01709141083349259
                    181     -0.1594829984452386
                    183     0.01203666733977395
                    184    -0.09125778159729592
                    198  -0.0007623950659690116
                    199     -0.0587574716939424
                    201    0.005197138366563517
                    202    -0.07558879646577865
                    204     0.01473976216635771
                    205      -0.119338590705675
                    207     0.02170975435115871
                    208     -0.1431217163156351
                    222   -0.002803727051358815
                    223     0.05165110699144054
                    225    0.001014354659340525
                    226     0.04810937081913982
                    228    0.006111641706451189
                    229     0.04723046878484682
                    231     0.01527244295752372
                    232     0.04406087902277138
                    246   -0.007239681201535942
                    247      0.1709036641963853
                    249    0.002084488756883017
                    250      0.1878106583999034
                    252    0.009594250642129938
                    253      0.1886716574247005
                    255     0.01559165017572423
                    256      0.1623698154342965
