                 #varID      adjointSensitivity
                    174   0.0001227373406392651
                    175     -0.1722599003212604
                    177     0.01069076125058258
                    178     -0.1879788733214373
                    180     0.01569700344218401
                    181     -0.1596373947413937
                    183     0.01147588390882397
                    184     -0.0913183871177588
                    198  -0.0003714330408709764
                    199    -0.05874121579855812
                    201    0.004977292649704311
                    202    -0.07560972913829966
                    204     0.01369119608242641
                    205     -0.1194512888318527
                    207     0.02120685480897241
                    208     -0.1431531795542189
                    222    -0.00283797649145426
                    223     0.05163861693118141
                    225    0.001170927499304621
                    226     0.04816431169862855
                    228    0.005713808679388326
                    229     0.04729938293367469
                    231     0.01538428199647572
                    232     0.04403898538324399
                    246   -0.007265962469075953
                    247       0.170880899510953
                    249     0.00279098391365453
                    250      0.1880143053790975
                    252    0.008792917846982516
                    253      0.1889417864422672
                    255     0.01556413540780326
                    256      0.1623828237048498
