                 #varID      adjointSensitivity
                    174   0.0009731606450021775
                    175     -0.1722330377369334
                    177     0.01058752535046379
                    178     -0.1880316463301187
                    180     0.01484242575495627
                    181     -0.1597542735373176
                    183     0.01102462081369399
                    184    -0.09135934036906199
                    198  -7.572130402889337e-05
                    199    -0.05873283235108793
                    201    0.004874183259892203
                    202    -0.07563473436127466
                    204     0.01299839449237941
                    205      -0.119532323894666
                    207     0.02069695641141536
                    208      -0.143171115700739
                    222   -0.002911478454534433
                    223     0.05162687557012179
                    225    0.001244820364368217
                    226     0.04822174319192199
                    228    0.005442346219989194
                    229      0.0473676205934714
                    231     0.01549175130698218
                    232     0.04401470411384897
                    246   -0.007451115186255753
                    247      0.1708631447246757
                    249     0.00314324861698622
                    250      0.1882272397984361
                    252     0.00823908470856223
                    253      0.1891982509569539
                    255     0.01567753959605836
                    256      0.1623865920180078
