                 #varID      adjointSensitivity
                    174    0.001632505601392788
                    175     -0.1722208468730438
                    177     0.01058197140388351
                    178     -0.1881018983567734
                    180     0.01433025122662291
                    181     -0.1598525318877751
                    183     0.01066255210607966
                    184    -0.09138727427593912
                    198   0.0001535564970130991
                    199    -0.05872933515883277
                    201    0.004837077101456739
                    202    -0.07566457519526815
                    204     0.01254163105674262
                    205     -0.1195957231299809
                    207     0.02021168243868368
                    208     -0.1431775777403222
                    222   -0.003004854195125444
                    223     0.05161512602745945
                    225    0.001289929445741531
                    226      0.0482808963598378
                    228      0.0052582196252002
                    229     0.04743630791875665
                    231     0.01557617499835576
                    232     0.04399052370954072
                    246   -0.007713557598579806
                    247      0.1708472893480006
                    249    0.003357888434451542
                    250      0.1884472970647765
                    252    0.007869248718060988
                    253      0.1894489978845113
                    255     0.01583205533125574
                    256      0.1623862027126758
