                 #varID      adjointSensitivity
                    174    0.002160875210432873
                    175     -0.1722175754560075
                    177     0.01062888488842052
                    178     -0.1881856659216396
                    180     0.01403976223546619
                    181     -0.1599419971557025
                    183     0.01036990680659838
                    184    -0.09140693318777843
                    198   0.0003372745717104953
                    199    -0.05872883860297674
                    201    0.004838285591529315
                    202    -0.07569863936683122
                    204     0.01224367905844847
                    205     -0.1196495016589814
                    207     0.01975953189131034
                    208     -0.1431755834820594
                    222   -0.003106778563289983
                    223     0.05160292267474144
                    225     0.00132161918832331
                    226     0.04834159088040975
                    228    0.005130116126906042
                    229     0.04750630289630474
                    231     0.01564089546128468
                    232     0.04396684583227664
                    246   -0.008010396009267449
                    247      0.1708313810659934
                    249    0.003503337311905855
                    250      0.1886738350915242
                    252    0.007615192604149059
                    253      0.1896997686065187
                    255     0.01599699296319601
                    256      0.1623837742096617
