                 #varID      adjointSensitivity
                    174    0.002602436962783394
                    175     -0.1722193873258821
                    177     0.01070467220030466
                    178      -0.188279391822355
                    180     0.01389216171965735
                    181     -0.1600281409753927
                    183     0.01012913923782811
                    184    -0.09142164005200357
                    198   0.0004907063141589797
                    199    -0.05873007390650677
                    201    0.004861949972180829
                    202    -0.07573607088561783
                    204     0.01205191306381935
                    205     -0.1196985010954556
                    207     0.01933851061721162
                    208     -0.1431678680593098
                    222   -0.003212326455714735
                    223     0.05159000871035576
                    225    0.001347005099493656
                    226     0.04840367721778248
                    228    0.005039121597303869
                    229     0.04757804434840757
                    231     0.01569100185637615
                    232     0.04394362096053673
                    246   -0.008322523918545172
                    247      0.1708141914455159
                    249    0.003613183094677467
                    250      0.1889061765189035
                    252    0.007437086551133104
                    253      0.1899539393352465
                    255     0.01616247506670302
                    256      0.1623804844784707
