                 #varID      adjointSensitivity
                    174    0.002990433794312418
                    175     -0.1722235881733627
                    177     0.01079722695655676
                    178     -0.1883801969090819
                    180     0.01383502449342827
                    181     -0.1601141296297004
                    183    0.009925390423724078
                    184    -0.09143374739812232
                    198   0.0006252976762567666
                    199    -0.05873214250383875
                    201    0.004898934795940492
                    202    -0.07577606653247138
                    204     0.01192985857555657
                    205     -0.1197457537525013
                    207     0.01894173990967139
                    208     -0.1431567172566905
                    222   -0.003320123983739701
                    223     0.05157621430337492
                    225    0.001370206527138196
                    226     0.04846696964799307
                    228    0.004973914255950753
                    229     0.04765176886762965
                    231     0.01573097692502372
                    232     0.04392067838545702
                    246   -0.008643492781742474
                    247       0.170794838198297
                    249    0.003707238901633422
                    250      0.1891434845176432
                    252    0.007312918244900081
                    253      0.1902135730773184
                    255     0.01632724556971776
                    256      0.1623771141212273
