                 #varID      adjointSensitivity
                    174    0.003351456189090359
                    175     -0.1722281307952091
                    177     0.01090126219263303
                    178     -0.1884857325746023
                    180     0.01383319235103365
                    181      -0.160201798609444
                    183     0.00974586459358715
                    184    -0.09144498802251401
                    198   0.0007501582936992185
                    199     -0.0587343558103231
                    201    0.004944273210515766
                    202    -0.07581791061737762
                    204     0.01185182784862567
                    205     -0.1197932059610746
                    207      0.0185591763732545
                    208     -0.1431441006888931
                    222   -0.003431134918700944
                    223     0.05156139328720788
                    225    0.001394433517664369
                    226     0.04853121724536454
                    228    0.004927997003933412
                    229     0.04772763304298217
                    231     0.01576429045857888
                    232     0.04389781589792649
                    246   -0.008974746055320386
                    247      0.1707725357992825
                    249    0.003800222372501346
                    250      0.1893846832899305
                    252    0.007232185562908496
                    253      0.1904800480177844
                    255     0.01649426567092988
                    256      0.1623742952208381
