#varID                   total                 dxdbVol                dxdbSurf                    dSdb                    dndb              dxdbDirect                    dVdb                distance                 options                    dvdb
   174   0.0002159389763544185  -0.0003000488665757152                       0   0.0005159878429301338                       0                       0                       0                       0                       0                       0 
   175   -0.008653754361284594   -0.008342361378263927                       0   -0.000311392983020668                       0                       0                       0                       0                       0                       0 
   177   0.0003335517436515665   0.0002503378320758283                       0   8.321391157573814e-05                       0                       0                       0                       0                       0                       0 
   178   -0.008723629217295314   -0.008397852608259966                       0  -0.0003257766090353474                       0                       0                       0                       0                       0                       0 
   180   0.0004115291040721215   0.0002594895409890974                       0   0.0001520395630830241                       0                       0                       0                       0                       0                       0 
   181   -0.006323328423168614   -0.006256999433412382                       0  -6.632898975623263e-05                       0                       0                       0                       0                       0                       0 
   183   0.0002387236936033594   0.0001744563796260801                       0   6.426731397727923e-05                       0                       0                       0                       0                       0                       0 
   184   -0.003026229301142789   -0.003062196248017996                       0   3.596694687520684e-05                       0                       0                       0                       0                       0                       0 
   198   0.0001542754338685517  -0.0003308368850659159                       0   0.0004851123189344676                       0                       0                       0                       0                       0                       0 
   199   -0.008387560098179985   -0.007720170724116422                       0  -0.0006673893740635634                       0                       0                       0                       0                       0                       0 
   201   0.0003608336704103731   0.0003047274740941808                       0   5.610619631619223e-05                       0                       0                       0                       0                       0                       0 
   202   -0.008103855052319945   -0.007628449228877264                       0   -0.000475405823442681                       0                       0                       0                       0                       0                       0 
   204   0.0006739188999779081    0.000506992698171629                       0   0.0001669262018062791                       0                       0                       0                       0                       0                       0 
   205   -0.008594944446972364   -0.008406053800292959                       0  -0.0001888906466794049                       0                       0                       0                       0                       0                       0 
   207   0.0007224786848880679   0.0006505615974685528                       0   7.191708741951512e-05                       0                       0                       0                       0                       0                       0 
   208   -0.007184310232705536   -0.007050075455688071                       0  -0.0001342347770174656                       0                       0                       0                       0                       0                       0 
   222   4.304254676844005e-05   0.0001557760891788053                       0  -0.0001127335424103653                       0                       0                       0                       0                       0                       0 
   223   0.0003280136326763064    0.001319709464263187                       0  -0.0009916958315868809                       0                       0                       0                       0                       0                       0 
   225   0.0001374201489522077    0.000505656377467163                       0  -0.0003682362285149554                       0                       0                       0                       0                       0                       0 
   226    0.001837188675240627    0.003189484089873797                       0    -0.00135229541463317                       0                       0                       0                       0                       0                       0 
   228    0.000349237194566884   0.0007506960560381811                       0  -0.0004014588614712971                       0                       0                       0                       0                       0                       0 
   229    0.002213195295477741    0.003467585707052664                       0   -0.001254390411574922                       0                       0                       0                       0                       0                       0 
   231   0.0005980706201858526    0.000963568712620512                       0  -0.0003654980924346594                       0                       0                       0                       0                       0                       0 
   232    0.002338642054757584    0.003411459173170098                       0   -0.001072817118412514                       0                       0                       0                       0                       0                       0 
   246   -1.03421075348791e-05   0.0002282294656509609                       0    -0.00023857157318584                       0                       0                       0                       0                       0                       0 
   247    0.002059683484852092    0.003101761213944226                       0   -0.001042077729092134                       0                       0                       0                       0                       0                       0 
   249    7.95403907045899e-05   0.0005755250123521546                       0  -0.0004959846216475647                       0                       0                       0                       0                       0                       0 
   250    0.003946723075777186    0.005610788791383841                       0   -0.001664065715606654                       0                       0                       0                       0                       0                       0 
   252    0.000216546049005378   0.0007431273736287055                       0  -0.0005265813246233275                       0                       0                       0                       0                       0                       0 
   253    0.004860276945774473    0.006343023524753212                       0   -0.001482746578978739                       0                       0                       0                       0                       0                       0 
   255   0.0002572054638690593   0.0006238905778391637                       0  -0.0003666851139701044                       0                       0                       0                       0                       0                       0 
   256     0.00444904846386578     0.00540416203452213                       0   -0.000955113570656351                       0                       0                       0                       0                       0                       0 
