#varID                   total                 dxdbVol                dxdbSurf                    dSdb                    dndb              dxdbDirect                    dVdb                distance                 options                    dvdb
   174  -3.859037333844055e-05  -0.0001354916407400975                       0   9.690126740165697e-05                       0                       0                       0                       0                       0                       0 
   175   -0.009281063357345595   -0.007860394398969978                       0   -0.001420668958375616                       0                       0                       0                       0                       0                       0 
   177   0.0003552870935573904   0.0001499825490952142                       0   0.0002053045444621762                       0                       0                       0                       0                       0                       0 
   178   -0.009680667325825265   -0.009029504419172253                       0  -0.0006511629066530117                       0                       0                       0                       0                       0                       0 
   180   0.0005427825971483846   0.0001595874995900562                       0   0.0003831950975583283                       0                       0                       0                       0                       0                       0 
   181   -0.006537579774681407   -0.006714017839305127                       0   0.0001764380646237204                       0                       0                       0                       0                       0                       0 
   183   0.0003082049199224897   0.0001177700890286082                       0   0.0001904348308938815                       0                       0                       0                       0                       0                       0 
   184   -0.002856488161911486   -0.003089473750910224                       0   0.0002329855889987379                       0                       0                       0                       0                       0                       0 
   198   -9.70282967911292e-05  -0.0001488492149759555                       0    5.18209181848263e-05                       0                       0                       0                       0                       0                       0 
   199   -0.008871031468417757   -0.007167094020549978                       0   -0.001703937447867779                       0                       0                       0                       0                       0                       0 
   201   0.0003876416782206731   0.0001958487822894109                       0   0.0001917928959312622                       0                       0                       0                       0                       0                       0 
   202   -0.008900408558432856   -0.008183043079562618                       0  -0.0007173654788702382                       0                       0                       0                       0                       0                       0 
   204   0.0008714070795501705   0.0003484009393619718                       0   0.0005230061401881987                       0                       0                       0                       0                       0                       0 
   205   -0.008571036873079477   -0.008807801175238994                       0   0.0002367643021595162                       0                       0                       0                       0                       0                       0 
   207   0.0008880069949578686   0.0004832391521497422                       0   0.0004047678428081263                       0                       0                       0                       0                       0                       0 
   208   -0.006373514586115177   -0.006805063576907603                       0   0.0004315489907924259                       0                       0                       0                       0                       0                       0 
   222  -1.133031032274646e-05    0.000147354002704431                       0  -0.0001586843130271774                       0                       0                       0                       0                       0                       0 
   223   0.0002587832438052887    0.001284271686691943                       0   -0.001025488442886654                       0                       0                       0                       0                       0                       0 
   225   0.0001229434500321794   0.0004095637813322827                       0  -0.0002866203313001033                       0                       0                       0                       0                       0                       0 
   226    0.002277944104060002    0.003478058694009693                       0    -0.00120011458994969                       0                       0                       0                       0                       0                       0 
   228   0.0004483349064708844   0.0007133353988836335                       0  -0.0002650004924127492                       0                       0                       0                       0                       0                       0 
   229     0.00314871081753934    0.004220277367983822                       0   -0.001071566550444482                       0                       0                       0                       0                       0                       0 
   231   0.0007410121127381715   0.0009708097039404309                       0  -0.0002297975912022594                       0                       0                       0                       0                       0                       0 
   232    0.003112385670035522    0.004010257661496383                       0  -0.0008978719914608615                       0                       0                       0                       0                       0                       0 
   246  -2.761229497391058e-05   0.0001801623314362501                       0  -0.0002077746264101607                       0                       0                       0                       0                       0                       0 
   247    0.002087101750922781    0.002976774334507562                       0  -0.0008896725835847816                       0                       0                       0                       0                       0                       0 
   249   5.891596503508151e-05   0.0004766551657156878                       0  -0.0004177392006806063                       0                       0                       0                       0                       0                       0 
   250    0.004697147887084014    0.006123322344430376                       0   -0.001426174457346362                       0                       0                       0                       0                       0                       0 
   252   0.0002722855679486663   0.0007306742455660674                       0  -0.0004583886776174012                       0                       0                       0                       0                       0                       0 
   253    0.005967768988127539    0.007347659966224239                       0     -0.0013798909780967                       0                       0                       0                       0                       0                       0 
   255   0.0003452777247340833   0.0006849245106199037                       0  -0.0003396467858858204                       0                       0                       0                       0                       0                       0 
   256    0.004960532902064211    0.005937373732076911                       0  -0.0009768408300126995                       0                       0                       0                       0                       0                       0 
