#varID                   total                 dxdbVol                dxdbSurf                    dSdb                    dndb              dxdbDirect                    dVdb                distance                 options                    dvdb
   174   0.0005923422650040237  -0.0004938124922257086                       0    0.001086154757229732                       0                       0                       0                       0                       0                       0 
   175   -0.007595876335205027   -0.008861084442406223                       0    0.001265208107201196                       0                       0                       0                       0                       0                       0 
   177   0.0003083640546086743   0.0003142890044075096                       0  -5.924949798835314e-06                       0                       0                       0                       0                       0                       0 
   178   -0.007108651048298831   -0.007310377049702149                       0   0.0002017260014033184                       0                       0                       0                       0                       0                       0 
   180   0.0002314264309771986   0.0003335751083072642                       0  -0.0001021486773300656                       0                       0                       0                       0                       0                       0 
   181    -0.00564539296275249   -0.005425068617016486                       0  -0.0002203243457360038                       0                       0                       0                       0                       0                       0 
   183   7.918851963442907e-05   0.0002407424880656948                       0  -0.0001615539684312658                       0                       0                       0                       0                       0                       0 
   184   -0.003053863661281122     -0.0028243879813878                       0  -0.0002294756798933214                       0                       0                       0                       0                       0                       0 
   198   0.0005454703661383638  -0.0005450418174458416                       0    0.001090512183584205                       0                       0                       0                       0                       0                       0 
   199   -0.007596627815810979   -0.008433045389758271                       0    0.000836417573947292                       0                       0                       0                       0                       0                       0 
   201    0.000330239577804024   0.0003793491838777045                       0  -4.910960607368051e-05                       0                       0                       0                       0                       0                       0 
   202   -0.006713611750157045   -0.006671710865582572                       0  -4.190088457447323e-05                       0                       0                       0                       0                       0                       0 
   204   0.0003647445623977699   0.0006438358978783842                       0  -0.0002790913354806143                       0                       0                       0                       0                       0                       0 
   205   -0.008012657674105009   -0.007472493641208442                       0  -0.0005401640328965669                       0                       0                       0                       0                       0                       0 
   207   0.0002812888328178305    0.000885514007565409                       0  -0.0006042251747475785                       0                       0                       0                       0                       0                       0 
   208    -0.00797730398459932   -0.006910493897851153                       0   -0.001066810086748167                       0                       0                       0                       0                       0                       0 
   222   0.0001270550529986056   0.0001840612527676589                       0  -5.700619976905331e-05                       0                       0                       0                       0                       0                       0 
   223   0.0003028311702785982    0.001274600119819394                       0  -0.0009717689495407958                       0                       0                       0                       0                       0                       0 
   225   0.0001412279643642217   0.0006120771323612254                       0  -0.0004708491679970037                       0                       0                       0                       0                       0                       0 
   226    0.001274559835204084    0.002804705757271885                       0   -0.001530145922067801                       0                       0                       0                       0                       0                       0 
   228    0.000202664669396007   0.0007860489846896735                       0  -0.0005833843152936664                       0                       0                       0                       0                       0                       0 
   229    0.001229466887838597     0.00267355749505298                       0   -0.001444090607214383                       0                       0                       0                       0                       0                       0 
   231   0.0003249788511805147   0.0009713601830600476                       0  -0.0006463813318795329                       0                       0                       0                       0                       0                       0 
   232    0.001366561683162786    0.002785829261883486                       0     -0.0014192675787207                       0                       0                       0                       0                       0                       0 
   246     7.4754890786277e-06   0.0003022355844009393                       0  -0.0002947600953223116                       0                       0                       0                       0                       0                       0 
   247    0.001869056725196427    0.003168575732208723                       0   -0.001299519007012296                       0                       0                       0                       0                       0                       0 
   249   8.334703451189768e-05   0.0006910733199828132                       0  -0.0006077262854709155                       0                       0                       0                       0                       0                       0 
   250    0.002929281216687971    0.004900484429253701                       0   -0.001971203212565731                       0                       0                       0                       0                       0                       0 
   252   0.0001484947236350445   0.0007575240079342026                       0  -0.0006090292842991582                       0                       0                       0                       0                       0                       0 
   253     0.00355756365070643    0.005151290294108923                       0   -0.001593726643402493                       0                       0                       0                       0                       0                       0 
   255    0.000152526585720746   0.0005549248332837316                       0  -0.0004023982475629855                       0                       0                       0                       0                       0                       0 
   256    0.003809139183989411      0.0047363073464342                       0  -0.0009271681624447895                       0                       0                       0                       0                       0                       0 
