#varID                   total                 dxdbVol                dxdbSurf                    dSdb                    dndb              dxdbDirect                    dVdb                distance                 options                    dvdb
   174   0.0006836886812119612  -0.0005337256078370857                       0    0.001217414289049047                       0                       0                       0                       0                       0                       0 
   175   -0.007284562039238995   -0.008928618218012207                       0    0.001644056178773212                       0                       0                       0                       0                       0                       0 
   177   0.0003000807214114241   0.0003094284636900992                       0   -9.34774227867516e-06                       0                       0                       0                       0                       0                       0 
   178   -0.006649560754970557   -0.006988786596057978                       0   0.0003392258410874215                       0                       0                       0                       0                       0                       0 
   180    0.000192622643671341   0.0003354912348935018                       0  -0.0001428685912221608                       0                       0                       0                       0                       0                       0 
   181   -0.005396528895585216   -0.005183206487397353                       0  -0.0002133224081878632                       0                       0                       0                       0                       0                       0 
   183   2.935696151359655e-05   0.0002533530883108535                       0   -0.000223996126797257                       0                       0                       0                       0                       0                       0 
   184   -0.003002733766800819   -0.002720024243144794                       0  -0.0002827095236560246                       0                       0                       0                       0                       0                       0 
   198   0.0006466381391048198  -0.0005872422257282074                       0    0.001233880364833027                       0                       0                       0                       0                       0                       0 
   199   -0.007365062732247061   -0.008571305503238077                       0    0.001206242770991016                       0                       0                       0                       0                       0                       0 
   201   0.0003218851376083997   0.0003775100741928645                       0  -5.562493658446485e-05                       0                       0                       0                       0                       0                       0 
   202   -0.006309686863922848   -0.006387462514791496                       0   7.777565086864721e-05                       0                       0                       0                       0                       0                       0 
   204   0.0002890744818982496   0.0006547858168306944                       0  -0.0003657113349324449                       0                       0                       0                       0                       0                       0 
   205   -0.007728647846624524   -0.007168088789894636                       0  -0.0005605590567298881                       0                       0                       0                       0                       0                       0 
   207    0.000126139339650092   0.0009398036967171231                       0  -0.0008136643570670312                       0                       0                       0                       0                       0                       0 
   208   -0.008058698979454375    -0.00675306421026761                       0   -0.001305634769186765                       0                       0                       0                       0                       0                       0 
   222   0.0001486673258555481   0.0001945105752181373                       0  -4.584324936258917e-05                       0                       0                       0                       0                       0                       0 
   223   0.0002788347572610831    0.001252832566176274                       0  -0.0009739978089151913                       0                       0                       0                       0                       0                       0 
   225    0.000139349906891155   0.0006332719343691806                       0  -0.0004939220274780255                       0                       0                       0                       0                       0                       0 
   226    0.001146941685554809    0.002716723312958026                       0   -0.001569781627403218                       0                       0                       0                       0                       0                       0 
   228   0.0001658560784159384    0.000790609250853115                       0  -0.0006247531724371767                       0                       0                       0                       0                       0                       0 
   229    0.001046185831397683    0.002521163391855259                       0   -0.001474977560457576                       0                       0                       0                       0                       0                       0 
   231   0.0002375977859454395   0.0009748845903601661                       0  -0.0007372868044147266                       0                       0                       0                       0                       0                       0 
   232    0.001162360892758119    0.002683823917561357                       0   -0.001521463024803238                       0                       0                       0                       0                       0                       0 
   246   1.016496938386632e-05   0.0003215119241851909                       0  -0.0003113469548013245                       0                       0                       0                       0                       0                       0 
   247    0.001798103919599601    0.003170348120071694                       0   -0.001372244200472093                       0                       0                       0                       0                       0                       0 
   249   8.044850078662419e-05   0.0007168940417036793                       0  -0.0006364455409170551                       0                       0                       0                       0                       0                       0 
   250    0.002685442786444894    0.004729867259636272                       0   -0.002044424473191378                       0                       0                       0                       0                       0                       0 
   252   0.0001330865951683704   0.0007611276542093154                       0  -0.0006280410590409451                       0                       0                       0                       0                       0                       0 
   253    0.003272570005412776    0.004889935549737005                       0   -0.001617365544324229                       0                       0                       0                       0                       0                       0 
   255   0.0001289713756398841   0.0005403000776841568                       0  -0.0004113287020442727                       0                       0                       0                       0                       0                       0 
   256     0.00366288154126478    0.004583417947218019                       0  -0.0009205364059532385                       0                       0                       0                       0                       0                       0 
