#varID                   total                 dxdbVol                dxdbSurf                    dSdb                    dndb              dxdbDirect                    dVdb                distance                 options                    dvdb
   174   0.0003599422864487532  -0.0003806979787012726                       0   0.0007406402651500258                       0                       0                       0                       0                       0                       0 
   175   -0.008276826189582798   -0.008575261964442497                       0   0.0002984357748596981                       0                       0                       0                       0                       0                       0 
   177   0.0003240907023920711   0.0002880945261405345                       0   3.599617625153666e-05                       0                       0                       0                       0                       0                       0 
   178   -0.008142565610464553   -0.008012401521498668                       0   -0.000130164088965886                       0                       0                       0                       0                       0                       0 
   180   0.0003395604194916411   0.0002989592388228596                       0   4.060118066878148e-05                       0                       0                       0                       0                       0                       0 
   181   -0.006119956137921823   -0.005963479920116847                       0  -0.0001564762178049756                       0                       0                       0                       0                       0                       0 
   183   0.0001858489917436817   0.0002023548843438285                       0  -1.650589260014678e-05                       0                       0                       0                       0                       0                       0 
   184   -0.003073952189575643   -0.003002396982096199                       0  -7.155520747944388e-05                       0                       0                       0                       0                       0                       0 
   198   0.0003003407137196166  -0.0004205881302881879                       0   0.0007209288440078044                       0                       0                       0                       0                       0                       0 
   199   -0.008103770432646143   -0.008012730592241999                       0  -9.103984040414282e-05                       0                       0                       0                       0                       0                       0 
   201   0.0003486598632124565   0.0003465725876968399                       0   2.087275515616644e-06                       0                       0                       0                       0                       0                       0 
   202   -0.007609682860788844   -0.007289880814097347                       0  -0.0003198020466914967                       0                       0                       0                       0                       0                       0 
   204   0.0005568565589956743     0.00057450767250353                       0  -1.765111350785575e-05                       0                       0                       0                       0                       0                       0 
   205   -0.008467764401488742   -0.008100345683429509                       0  -0.0003674187180592337                       0                       0                       0                       0                       0                       0 
   207   0.0005852896211147908   0.0007424299721423431                       0  -0.0001571403510275523                       0                       0                       0                       0                       0                       0 
   208   -0.007557269195042515   -0.007077787238545072                       0  -0.0004794819564974432                       0                       0                       0                       0                       0                       0 
   222   7.455452636640419e-05   0.0001642309892345261                       0  -8.967646286812194e-05                       0                       0                       0                       0                       0                       0 
   223   0.0003335968087544842    0.001313132021618405                       0  -0.0009795352128639211                       0                       0                       0                       0                       0                       0 
   225   0.0001410601361117975   0.0005505756810196315                       0   -0.000409515544907834                       0                       0                       0                       0                       0                       0 
   226    0.001611985348784842    0.003037029051223769                       0   -0.001425043702438927                       0                       0                       0                       0                       0                       0 
   228   0.0002935776753813884   0.0007671139451956208                       0  -0.0004735362698142324                       0                       0                       0                       0                       0                       0 
   229    0.001788242952866032     0.00312658700179475                       0   -0.001338344048928719                       0                       0                       0                       0                       0                       0 
   231   0.0005055666143398919   0.0009646642776462681                       0  -0.0004590976633063762                       0                       0                       0                       0                       0                       0 
   232    0.001942472898272123    0.003134940918636568                       0   -0.001192468020364446                       0                       0                       0                       0                       0                       0 
   246  -2.343761768125604e-06   0.0002559636110554876                       0  -0.0002583073728236132                       0                       0                       0                       0                       0                       0 
   247    0.002005767784197043    0.003140676818010827                       0   -0.001134909033813784                       0                       0                       0                       0                       0                       0 
   249   8.417431662810233e-05   0.0006226773272088411                       0  -0.0005385030105807387                       0                       0                       0                       0                       0                       0 
   250    0.003548938207826773    0.005334298038860786                       0   -0.001785359831034012                       0                       0                       0                       0                       0                       0 
   252   0.0001890913900486849   0.0007488869233040038                       0  -0.0005597955332553189                       0                       0                       0                       0                       0                       0 
   253    0.004326676750470753    0.005855981080125483                       0    -0.00152930432965473                       0                       0                       0                       0                       0                       0 
   255    0.000214664946459584   0.0005952674061944689                       0  -0.0003806024597348849                       0                       0                       0                       0                       0                       0 
   256     0.00419215048347747     0.00513625264179238                       0  -0.0009441021583149092                       0                       0                       0                       0                       0                       0 
