#varID                   total                 dxdbVol                dxdbSurf                    dSdb                    dndb              dxdbDirect                    dVdb                distance                 options                    dvdb
   174  -0.0002352695610775348   1.178830993777373e-05                       0  -0.0002470578710153086                       0                       0                       0                       0                       0                       0 
   175   -0.009754493081028383    -0.00744291469997429                       0   -0.002311578381054094                       0                       0                       0                       0                       0                       0 
   177   0.0003793556272725018   4.462851447107265e-05                       0   0.0003347271128014292                       0                       0                       0                       0                       0                       0 
   178    -0.01037507150015473    -0.00949504187806602                       0  -0.0008800296220887073                       0                       0                       0                       0                       0                       0 
   180   0.0006425929829287061   5.676662889130176e-05                       0   0.0005858263540374043                       0                       0                       0                       0                       0                       0 
   181   -0.006584235896799069   -0.007014823501326877                       0   0.0004305876045278086                       0                       0                       0                       0                       0                       0 
   183   0.0003409490042695213   6.756583840893118e-05                       0   0.0002733831658605901                       0                       0                       0                       0                       0                       0 
   184   -0.002664949827551938   -0.003049493483142317                       0   0.0003845436555903787                       0                       0                       0                       0                       0                       0 
   198   -0.000287321334113949   1.174633996113836e-05                       0  -0.0002990676740750874                       0                       0                       0                       0                       0                       0 
   199   -0.009249666306629878   -0.006721213671272143                       0   -0.002528452635357735                       0                       0                       0                       0                       0                       0 
   201   0.0004146116559417089   8.211505289316528e-05                       0   0.0003324966030485437                       0                       0                       0                       0                       0                       0 
   202   -0.009461571296677546   -0.008591097791832814                       0  -0.0008704735048447313                       0                       0                       0                       0                       0                       0 
   204    0.001010401377879957   0.0001943449047913212                       0   0.0008160564730886354                       0                       0                       0                       0                       0                       0 
   205   -0.008347181964556074   -0.008994964448329833                       0   0.0006477824837737581                       0                       0                       0                       0                       0                       0 
   207   0.0009580852285264709   0.0003504154256427733                       0   0.0006076698028836976                       0                       0                       0                       0                       0                       0 
   208   -0.005645041964307155   -0.006468529152006739                       0   0.0008234871876995841                       0                       0                       0                       0                       0                       0 
   222   -5.18270548300708e-05   0.0001471616915991968                       0  -0.0001989887464292676                       0                       0                       0                       0                       0                       0 
   223   0.0001366824766082741    0.001200012847557918                       0   -0.001063330370949644                       0                       0                       0                       0                       0                       0 
   225   0.0001024025367549957   0.0003163718654208581                       0  -0.0002139693286658624                       0                       0                       0                       0                       0                       0 
   226    0.002665296837591778    0.003719118586289874                       0   -0.001053821748698096                       0                       0                       0                       0                       0                       0 
   228   0.0005271096942063985   0.0006768660616715735                       0  -0.0001497563674651749                       0                       0                       0                       0                       0                       0 
   229    0.004075747972081328    0.004973631725032048                       0  -0.0008978837529507203                       0                       0                       0                       0                       0                       0 
   231   0.0008427442980087916   0.0009875680023690913                       0  -0.0001448237043602997                       0                       0                       0                       0                       0                       0 
   232    0.003777728554772203    0.004572186729434019                       0  -0.0007944581746618161                       0                       0                       0                       0                       0                       0 
   246    -4.3089804497589e-05    0.000144206642122875                       0   -0.000187296446620464                       0                       0                       0                       0                       0                       0 
   247    0.002031641812010131    0.002812815296511426                       0  -0.0007811734845012951                       0                       0                       0                       0                       0                       0 
   249   2.814144026752331e-05   0.0003800260957292069                       0  -0.0003518846554616836                       0                       0                       0                       0                       0                       0 
   250    0.005330022280442234    0.006541916411062089                       0   -0.001211894130619855                       0                       0                       0                       0                       0                       0 
   252   0.0003244630801601394   0.0007177579379123131                       0  -0.0003932948577521737                       0                       0                       0                       0                       0                       0 
   253    0.007021739508244154    0.008295998339841773                       0    -0.00127425883159762                       0                       0                       0                       0                       0                       0 
   255   0.0004296749750107778   0.0007451710923846209                       0  -0.0003154961173738431                       0                       0                       0                       0                       0                       0 
   256    0.005420981784065743    0.006417944161314278                       0  -0.0009969623772485355                       0                       0                       0                       0                       0                       0 
