#varID                   total                 dxdbVol                dxdbSurf                    dSdb                    dndb              dxdbDirect                    dVdb                distance                 options                    dvdb
   174  -0.0001341924605540967  -6.613777806578499e-05                       0  -6.805468248831174e-05                       0                       0                       0                       0                       0                       0 
   175    -0.00951114884896518   -0.007661477116940614                       0   -0.001849671732024567                       0                       0                       0                       0                       0                       0 
   177   0.0003660620168314019   0.0001017958172537037                       0   0.0002642661995776982                       0                       0                       0                       0                       0                       0 
   178    -0.01002235179035923   -0.009257106773790243                       0  -0.0007652450165689871                       0                       0                       0                       0                       0                       0 
   180   0.0005918445188328003   0.0001124116378603732                       0   0.0004794328809724271                       0                       0                       0                       0                       0                       0 
   181   -0.006572894366485866   -0.006865999828632374                       0   0.0002931054621465076                       0                       0                       0                       0                       0                       0 
   183   0.0003264049188114861   9.406450504110563e-05                       0   0.0002323404137703805                       0                       0                       0                       0                       0                       0 
   184   -0.002769224313673256    -0.00307632987775593                       0   0.0003071055640826745                       0                       0                       0                       0                       0                       0 
   198  -0.0001898345894720195  -7.293382426935469e-05                       0  -0.0001169007652026648                       0                       0                       0                       0                       0                       0 
   199   -0.009053338146776948   -0.006951642560300667                       0   -0.002101695586476281                       0                       0                       0                       0                       0                       0 
   201   0.0004000102322967164   0.0001438100660875836                       0   0.0002562001662091328                       0                       0                       0                       0                       0                       0 
   202   -0.009178618503886082   -0.008382759247213658                       0  -0.0007958592566724245                       0                       0                       0                       0                       0                       0 
   204   0.0009408172049699996    0.000276831920046903                       0   0.0006639852849230965                       0                       0                       0                       0                       0                       0 
   205   -0.008484320520669742   -0.008912750555701432                       0     0.00042843003503169                       0                       0                       0                       0                       0                       0 
   207   0.0009278792443512096   0.0004190218154871793                       0   0.0005088574288640303                       0                       0                       0                       0                       0                       0 
   208   -0.006028991965646986   -0.006656333161544558                       0   0.0006273411958975719                       0                       0                       0                       0                       0                       0 
   222  -3.123645500909908e-05   0.0001464911382521416                       0  -0.0001777275932612407                       0                       0                       0                       0                       0                       0 
   223   0.0002082384661469575    0.001250714670447002                       0   -0.001042476204300045                       0                       0                       0                       0                       0                       0 
   225   0.0001141717774034304   0.0003666605571384151                       0  -0.0002524887797349848                       0                       0                       0                       0                       0                       0 
   226    0.002460534439422615    0.003593232779139447                       0   -0.001132698339716832                       0                       0                       0                       0                       0                       0 
   228   0.0004862726848511271   0.0006964816890537382                       0  -0.0002102090042026111                       0                       0                       0                       0                       0                       0 
   229    0.003573699707369256    0.004564620005308178                       0  -0.0009909202979389222                       0                       0                       0                       0                       0                       0 
   231   0.0007908791592271098    0.000977525274020925                       0  -0.0001866461147938152                       0                       0                       0                       0                       0                       0 
   232    0.003428128737914427    0.004272244876887198                       0  -0.0008441161389727714                       0                       0                       0                       0                       0                       0 
   246  -3.496203608019906e-05   0.0001624964631870402                       0  -0.0001974584992672393                       0                       0                       0                       0                       0                       0 
   247    0.002069960320346923     0.00290585275562757                       0  -0.0008358924352806477                       0                       0                       0                       0                       0                       0 
   249   4.590351238085739e-05   0.0004323981550631803                       0  -0.0003864946426823229                       0                       0                       0                       0                       0                       0 
   250     0.00499847461976867    0.006324503735537991                       0   -0.001326029115769321                       0                       0                       0                       0                       0                       0 
   252   0.0002964478514109967   0.0007248504092028483                       0  -0.0004284025577918516                       0                       0                       0                       0                       0                       0 
   253    0.006454560357030876    0.007786581200943598                       0   -0.001332020843912722                       0                       0                       0                       0                       0                       0 
   255   0.0003841413383497819   0.0007124761636108644                       0  -0.0003283348252610825                       0                       0                       0                       0                       0                       0 
   256    0.005176324636281748    0.006162481516483005                       0  -0.0009861568802012567                       0                       0                       0                       0                       0                       0 
