#varID                   total                 dxdbVol                dxdbSurf                    dSdb                    dndb              dxdbDirect                    dVdb                distance                 options                    dvdb
   174   0.0006399313371437629  -0.0005148347695266504                       0    0.001154766106670413                       0                       0                       0                       0                       0                       0 
   175   -0.007438072666115378   -0.008900402170857238                       0     0.00146232950474186                       0                       0                       0                       0                       0                       0 
   177   0.0003043149413337429   0.0003130683751018947                       0  -8.753433768151762e-06                       0                       0                       0                       0                       0                       0 
   178   -0.006874636379569266    -0.00714733385130466                       0   0.0002726974717353944                       0                       0                       0                       0                       0                       0 
   180   0.0002109110541201474   0.0003355303656561327                       0  -0.0001246193115359853                       0                       0                       0                       0                       0                       0 
   181   -0.005521083372782944    -0.00530183852748267                       0  -0.0002192448453002735                       0                       0                       0                       0                       0                       0 
   183   5.384599620510475e-05   0.0002475067959302785                       0  -0.0001936607997251737                       0                       0                       0                       0                       0                       0 
   184   -0.003030949407876061    -0.00277291029177651                       0  -0.0002580391160995514                       0                       0                       0                       0                       0                       0 
   198   0.0005977271901331035  -0.0005674775873350583                       0    0.001165204777468162                       0                       0                       0                       0                       0                       0 
   199   -0.007479306353948035   -0.008507594152429862                       0    0.001028287798481827                       0                       0                       0                       0                       0                       0 
   201   0.0003260631524298675    0.000379645756526147                       0  -5.358260409627953e-05                       0                       0                       0                       0                       0                       0 
   202   -0.006508138454195223   -0.006527695454743414                       0   1.955700054819088e-05                       0                       0                       0                       0                       0                       0 
   204    0.000325311269017621   0.0006508877335413808                       0  -0.0003255764645237598                       0                       0                       0                       0                       0                       0 
   205   -0.007873591501035273   -0.007318912101040955                       0  -0.0005546793999943176                       0                       0                       0                       0                       0                       0 
   207   0.0002034965915968426   0.0009139430242480061                       0  -0.0007104464326511635                       0                       0                       0                       0                       0                       0 
   208   -0.008027021774565185   -0.006836260922445228                       0   -0.001190760852119958                       0                       0                       0                       0                       0                       0 
   222   0.0001382146292616831   0.0001892747212339926                       0   -5.10600919723095e-05                       0                       0                       0                       0                       0                       0 
   223    0.000291148188235666    0.001263605078132692                       0  -0.0009724568898970265                       0                       0                       0                       0                       0                       0 
   225   0.0001403996107620799   0.0006232973111589924                       0  -0.0004828977003969125                       0                       0                       0                       0                       0                       0 
   226    0.001207948147800033    0.002758722806032544                       0   -0.001550774658232511                       0                       0                       0                       0                       0                       0 
   228   0.0001836122467963433   0.0007886526926386466                       0  -0.0006050404458423032                       0                       0                       0                       0                       0                       0 
   229     0.00113169513272681    0.002592678549191563                       0   -0.001460983416464753                       0                       0                       0                       0                       0                       0 
   231    0.000280988287183007     0.00097317086739962                       0   -0.000692182580216613                       0                       0                       0                       0                       0                       0 
   232    0.001258568237428498    0.002730028724205201                       0   -0.001471460486776703                       0                       0                       0                       0                       0                       0 
   246   8.967578708707824e-06   0.0003121574709901473                       0  -0.0003031898922814395                       0                       0                       0                       0                       0                       0 
   247    0.001833431633761886    0.003170050831750948                       0   -0.001336619197989062                       0                       0                       0                       0                       0                       0 
   249   8.202092985941443e-05   0.0007045190107018641                       0  -0.0006224980808424497                       0                       0                       0                       0                       0                       0 
   250    0.002802769855373062    0.004811897197528518                       0   -0.002009127342155456                       0                       0                       0                       0                       0                       0 
   252   0.0001404665998790533   0.0007593613731327345                       0  -0.0006188947732536812                       0                       0                       0                       0                       0                       0 
   253    0.003408599195974187    0.005014655290080959                       0   -0.001606056094106772                       0                       0                       0                       0                       0                       0 
   255   0.0001402668426513031   0.0005472540340639399                       0  -0.0004069871914126368                       0                       0                       0                       0                       0                       0 
   256    0.003733024004913563    0.004656747160507868                       0  -0.0009237231555943045                       0                       0                       0                       0                       0                       0 
