#varID                   total                 dxdbVol                dxdbSurf                    dSdb                    dndb              dxdbDirect                    dVdb                distance                 options                    dvdb
   174   0.0004247198158183767  -0.0004142151943897877                       0   0.0008389350102081645                       0                       0                       0                       0                       0                       0 
   175   -0.008098282084236188   -0.008667801489871244                       0   0.0005695194056350559                       0                       0                       0                       0                       0                       0 
   177   0.0003200228058729761   0.0003000948579287773                       0   1.992794794419885e-05                       0                       0                       0                       0                       0                       0 
   178   -0.007868572172880478    -0.00782882570820358                       0  -3.974646467689833e-05                       0                       0                       0                       0                       0                       0 
   180   0.0003082557605329975   0.0003124262324403821                       0  -4.170471907384616e-06                       0                       0                       0                       0                       0                       0 
   181   -0.006007246266462663    -0.00582230263345463                       0  -0.0001849436330080334                       0                       0                       0                       0                       0                       0 
   183   0.0001588269970375879   0.0002139007898904048                       0  -5.507379285281686e-05                       0                       0                       0                       0                       0                       0 
   184   -0.003081699645957895   -0.002963706505653493                       0  -0.0001179931403044026                       0                       0                       0                       0                       0                       0 
   198   0.0003673025493681699  -0.0004578060192435046                       0   0.0008251085686116745                       0                       0                       0                       0                       0                       0 
   199   -0.007970390223182272   -0.008137473324237723                       0   0.0001670831010554511                       0                       0                       0                       0                       0                       0 
   201   0.0003435643307887876   0.0003603471169179717                       0  -1.678278612918407e-05                       0                       0                       0                       0                       0                       0 
   202   -0.007374214351171286   -0.007128490370818748                       0   -0.000245723980352538                       0                       0                       0                       0                       0                       0 
   204   0.0005035244721273821   0.0005990944194817821                       0  -9.556994735440002e-05                       0                       0                       0                       0                       0                       0 
   205   -0.008374235930528749   -0.007943271160118719                       0  -0.0004309647704100301                       0                       0                       0                       0                       0                       0 
   207   0.0005117321415670137    0.000782991462157896                       0  -0.0002712593205908822                       0                       0                       0                       0                       0                       0 
   208   -0.007699730682180757   -0.007059916780233596                       0  -0.0006398139019471616                       0                       0                       0                       0                       0                       0 
   222   8.893949772949505e-05   0.0001689333388592927                       0  -7.999384112979764e-05                       0                       0                       0                       0                       0                       0 
   223   0.0003296171014017994    0.001305390394625496                       0  -0.0009757732932236963                       0                       0                       0                       0                       0                       0 
   225   0.0001417937607861743   0.0005689595263483737                       0  -0.0004271657655621994                       0                       0                       0                       0                       0                       0 
   226    0.001515212781824512     0.00297072625288558                       0   -0.001455513471061068                       0                       0                       0                       0                       0                       0 
   228   0.0002684575262561262   0.0007733641905385949                       0  -0.0005049066642824687                       0                       0                       0                       0                       0                       0 
   229    0.001617843844610335    0.002989412692808688                       0   -0.001371568848198354                       0                       0                       0                       0                       0                       0 
   231   0.0004598418467712541   0.0009660398666152506                       0  -0.0005061980198439965                       0                       0                       0                       0                       0                       0 
   232    0.001773990453102461    0.003025324264159203                       0   -0.001251333811056742                       0                       0                       0                       0                       0                       0 
   246   7.923737929319387e-07   0.0002686135188953245                       0  -0.0002678211451023925                       0                       0                       0                       0                       0                       0 
   247     0.00197369539016335     0.00315232124853395                       0     -0.0011786258583706                       0                       0                       0                       0                       0                       0 
   249   8.491123339993633e-05   0.0006424685733281153                       0   -0.000557557339928179                       0                       0                       0                       0                       0                       0 
   250     0.00337443337951791    0.005212347457018937                       0   -0.001837914077501027                       0                       0                       0                       0                       0                       0 
   252   0.0001774185913070678    0.000751317084639237                       0  -0.0005738984933321692                       0                       0                       0                       0                       0                       0 
   253    0.004102915234139507    0.005651221405076139                       0   -0.001548306170936632                       0                       0                       0                       0                       0                       0 
   255   0.0001967286199969379   0.0005834147594746819                       0   -0.000386686139477744                       0                       0                       0                       0                       0                       0 
   256    0.004082327378103405      0.0050216474543615                       0  -0.0009393200762580961                       0                       0                       0                       0                       0                       0 
