#varID                   total                 dxdbVol                dxdbSurf                    dSdb                    dndb              dxdbDirect                    dVdb                distance                 options                    dvdb
   174  -0.0003418029232983194   9.912030030337185e-05                       0  -0.0004409232236016912                       0                       0                       0                       0                       0                       0 
   175    -0.01001371336548526   -0.007205270029313226                       0    -0.00280844333617203                       0                       0                       0                       0                       0                       0 
   177   0.0003956191299967732  -2.272970066509835e-05                       0   0.0004183488306618716                       0                       0                       0                       0                       0                       0 
   178    -0.01073883815316269    -0.00974518189735169                       0  -0.0009936562558110027                       0                       0                       0                       0                       0                       0 
   180     0.00069397182242547  -8.455075259450393e-06                       0   0.0007024268976849203                       0                       0                       0                       0                       0                       0 
   181   -0.006567663553235862   -0.007158128684536148                       0   0.0005904651313002859                       0                       0                       0                       0                       0                       0 
   183   0.0003510430780385043   3.803113266208669e-05                       0   0.0003130119453764176                       0                       0                       0                       0                       0                       0 
   184   -0.002542834835121432   -0.003007310032603549                       0   0.0004644751974821169                       0                       0                       0                       0                       0                       0 
   198  -0.0003895733572695632    0.000105863016543356                       0  -0.0004954363738129192                       0                       0                       0                       0                       0                       0 
   199   -0.009462933700335244   -0.006476883220143131                       0   -0.002986050480192113                       0                       0                       0                       0                       0                       0 
   201   0.0004317216484147225    9.47396447947251e-06                       0     0.00042224768393525                       0                       0                       0                       0                       0                       0 
   202   -0.009747818941072701   -0.008808893595401846                       0  -0.0009389253456708542                       0                       0                       0                       0                       0                       0 
   204    0.001078715466512616   9.992411464059021e-05                       0   0.0009787913518720258                       0                       0                       0                       0                       0                       0 
   205   -0.008151635796672642   -0.009047675820234795                       0   0.0008960400235621527                       0                       0                       0                       0                       0                       0 
   207   0.0009774074661354707   0.0002773443276497864                       0   0.0007000631384856843                       0                       0                       0                       0                       0                       0 
   208   -0.005220762798677361   -0.006238310005535919                       0    0.001017547206858559                       0                       0                       0                       0                       0                       0 
   222  -7.281185249220291e-05   0.0001499110718474949                       0  -0.0002227229243396978                       0                       0                       0                       0                       0                       0 
   223   3.767977661468802e-05     0.00112662782938183                       0   -0.001088948052767142                       0                       0                       0                       0                       0                       0 
   225   8.672144737598863e-05   0.0002570702077460235                       0  -0.0001703487603700349                       0                       0                       0                       0                       0                       0 
   226    0.002895280555768235    0.003856212071928904                       0  -0.0009609315161606694                       0                       0                       0                       0                       0                       0 
   228   0.0005712249017334267   0.0006540221755411748                       0  -8.279727380774805e-05                       0                       0                       0                       0                       0                       0 
   229    0.004672192144554777    0.005462592500303995                       0  -0.0007904003557492175                       0                       0                       0                       0                       0                       0 
   231   0.0008974360300512995    0.001001875158711491                       0  -0.0001044391286601912                       0                       0                       0                       0                       0                       0 
   232    0.004164581769607263    0.004914818603822883                       0  -0.0007502368342156196                       0                       0                       0                       0                       0                       0 
   246   -5.18598804425819e-05   0.0001255853842822959                       0  -0.0001774452647248778                       0                       0                       0                       0                       0                       0 
   247    0.001964840115483773    0.002690986128531385                       0   -0.000726146013047613                       0                       0                       0                       0                       0                       0 
   249   4.083699013764455e-06   0.0003173379019418692                       0  -0.0003132542029281047                       0                       0                       0                       0                       0                       0 
   250    0.005694086254582032    0.006774900491451973                       0   -0.001080814236869941                       0                       0                       0                       0                       0                       0 
   252   0.0003572429230838049   0.0007090027898864116                       0  -0.0003517598668026067                       0                       0                       0                       0                       0                       0 
   253    0.007686830914258259    0.008890663282929671                       0   -0.001203832368671412                       0                       0                       0                       0                       0                       0 
   255   0.0004835506218011855   0.0007843802109592556                       0  -0.0003008295891580701                       0                       0                       0                       0                       0                       0 
   256    0.005698790080849949    0.006708447573631584                       0   -0.001009657492781635                       0                       0                       0                       0                       0                       0 
