#varID                   total                 dxdbVol                dxdbSurf                    dSdb                    dndb              dxdbDirect                    dVdb                distance                 options                    dvdb
   174   5.157214979289602e-05   -0.000197084228796121                       0    0.000248656378589017                       0                       0                       0                       0                       0                       0 
   175   -0.009062368969353311   -0.008039800027722642                       0   -0.001022568941630669                       0                       0                       0                       0                       0                       0 
   177   0.0003465635785798657   0.0001902221006346312                       0   0.0001563414779452345                       0                       0                       0                       0                       0                       0 
   178   -0.009350220446162568   -0.008810996471091452                       0   -0.000539223975071116                       0                       0                       0                       0                       0                       0 
   180   0.0004961137543139403   0.0001992656462414568                       0   0.0002968481080724834                       0                       0                       0                       0                       0                       0 
   181   -0.006482003158355423   -0.006560848364607429                       0   7.884520625200642e-05                       0                       0                       0                       0                       0                       0 
   183   0.0002870874257815253   0.0001389199112132773                       0    0.000148167514568248                       0                       0                       0                       0                       0                       0 
   184   -0.002927695240292085   -0.003090508734338054                       0    0.000162813494045969                       0                       0                       0                       0                       0                       0 
   198  -8.810661665072957e-06  -0.0002166860092098056                       0   0.0002078753475447326                       0                       0                       0                       0                       0                       0 
   199   -0.008700458617922653   -0.007367044393718506                       0   -0.001333414224204147                       0                       0                       0                       0                       0                       0 
   201   0.0003771958507402473    0.000239366570881271                       0   0.0001378292798589763                       0                       0                       0                       0                       0                       0 
   202   -0.008628050192498302   -0.007991195614936187                       0  -0.0006368545775621147                       0                       0                       0                       0                       0                       0 
   204   0.0008032752097625819    0.000410014699591959                       0    0.000393260510170623                       0                       0                       0                       0                       0                       0 
   205   -0.008614355283917633   -0.008685568787509659                       0   7.121350359202587e-05                       0                       0                       0                       0                       0                       0 
   207   0.0008396882260002798   0.0005431556358897874                       0   0.0002965325901104924                       0                       0                       0                       0                       0                       0 
   208   -0.006679845737433594   -0.006918067537540571                       0   0.0002382218001069779                       0                       0                       0                       0                       0                       0 
   222   7.730116212474684e-06   0.0001493638735678849                       0  -0.0001416337573554102                       0                       0                       0                       0                       0                       0 
   223    0.000293225765806801    0.001304915861821181                       0    -0.00101169009601438                       0                       0                       0                       0                       0                       0 
   225   0.0001294123499758639   0.0004463760901199318                       0  -0.0003169637401440679                       0                       0                       0                       0                       0                       0 
   226    0.002114760067406121     0.00337289082144042                       0   -0.001258130754034298                       0                       0                       0                       0                       0                       0 
   228   0.0004129988852862897   0.0007277951043296343                       0  -0.0003147962190433446                       0                       0                       0                       0                       0                       0 
   229    0.002787149458125077    0.003928630905053541                       0   -0.001141481446928465                       0                       0                       0                       0                       0                       0 
   231   0.0006925237086566467    0.000966643767733998                       0  -0.0002741200590773513                       0                       0                       0                       0                       0                       0 
   232     0.00282738777418218    0.003781944710375477                       0   -0.000954556936193298                       0                       0                       0                       0                       0                       0 
   246  -2.107664655217134e-05   0.0001970469282256326                       0  -0.0002181235747778039                       0                       0                       0                       0                       0                       0 
   247    0.002088528123152863    0.003030638902499868                       0  -0.0009421107793470043                       0                       0                       0                       0                       0                       0 
   249   6.832455933535281e-05   0.0005144629675847297                       0  -0.0004461384082493769                       0                       0                       0                       0                       0                       0 
   250    0.004423254539818416     0.00593794774868676                       0   -0.001514693208868344                       0                       0                       0                       0                       0                       0 
   252   0.0002512658118574002   0.0007355227217921677                       0  -0.0004842569099347675                       0                       0                       0                       0                       0                       0 
   253    0.005547079647110688     0.00696704331761701                       0   -0.001419963670506322                       0                       0                       0                       0                       0                       0 
   255   0.0003117973445349225   0.0006614764500302977                       0  -0.0003496791054953752                       0                       0                       0                       0                       0                       0 
   256    0.004769639078113299    0.005738346849279452                       0  -0.0009687077711661524                       0                       0                       0                       0                       0                       0 
