#varID                   total                 dxdbVol                dxdbSurf                    dSdb                    dndb              dxdbDirect                    dVdb                distance                 options                    dvdb
   174   0.0002904064411543314  -0.0003428386552461618                       0   0.0006332450964004932                       0                       0                       0                       0                       0                       0 
   175   -0.008461743188819107   -0.008467074753597969                       0   5.331564778861374e-06                       0                       0                       0                       0                       0                       0 
   177   0.0003285250459875237   0.0002716923285955318                       0   5.683271739199181e-05                       0                       0                       0                       0                       0                       0 
   178   -0.008427483619869473   -0.008201925171557784                       0  -0.0002255584483116884                       0                       0                       0                       0                       0                       0 
   180   0.0003739578331191263   0.0002814991164000264                       0    9.24587167190998e-05                       0                       0                       0                       0                       0                       0 
   181    -0.00622600094288586   -0.006108554088913701                       0  -0.0001174468539721589                       0                       0                       0                       0                       0                       0 
   183     0.00021261154975074   0.0001892641798499967                       0   2.334736990074331e-05                       0                       0                       0                       0                       0                       0 
   184   -0.003055852326580492   -0.003035603627687797                       0  -2.024869889269458e-05                       0                       0                       0                       0                       0                       0 
   198   0.0002293742048365775   -0.000378455032311546                       0   0.0006078292371481235                       0                       0                       0                       0                       0                       0 
   199   -0.008242552364639028   -0.007873811010730196                       0  -0.0003687413539088317                       0                       0                       0                       0                       0                       0 
   201   0.0003543472882249669   0.0003282343288679573                       0   2.611295935700958e-05                       0                       0                       0                       0                       0                       0 
   202   -0.007852909870030525   -0.007456392603465035                       0    -0.00039651726656549                       0                       0                       0                       0                       0                       0 
   204   0.0006137018459859477    0.000544043582768712                       0   6.965826321723568e-05                       0                       0                       0                       0                       0                       0 
   205   -0.008542599056275786   -0.008255235087382524                       0  -0.0002873639688932617                       0                       0                       0                       0                       0                       0 
   207   0.0006558557629557709   0.0006983504707154345                       0  -4.249470775966356e-05                       0                       0                       0                       0                       0                       0 
   208   -0.007386191721447163   -0.007075452750167979                       0  -0.0003107389712791834                       0                       0                       0                       0                       0                       0 
   222   5.926589348835083e-05   0.0001598134201644012                       0  -0.0001005475266760504                       0                       0                       0                       0                       0                       0 
   223   0.0003335173222716451     0.00131829037525441                       0  -0.0009847730529827644                       0                       0                       0                       0                       0                       0 
   225   0.0001396614186138218   0.0005296232105933316                       0  -0.0003899617919795098                       0                       0                       0                       0                       0                       0 
   226    0.001718859023045465    0.003109737276311476                       0   -0.001390878253266011                       0                       0                       0                       0                       0                       0 
   228   0.0003204647244113006   0.0007596149092542537                       0  -0.0004391501848429531                       0                       0                       0                       0                       0                       0 
   229    0.001985119893824981    0.003284657562318178                       0   -0.001299537668493197                       0                       0                       0                       0                       0                       0 
   231   0.0005516325836000188   0.0009637607282934449                       0  -0.0004121281446934261                       0                       0                       0                       0                       0                       0 
   232    0.002130055595631681    0.003262847407481109                       0   -0.001132791811849429                       0                       0                       0                       0                       0                       0 
   246  -6.033424291944123e-06   0.0002425154949440467                       0  -0.0002485489192359908                       0                       0                       0                       0                       0                       0 
   247    0.002034888470450035    0.003124287914115257                       0   -0.001089399443665222                       0                       0                       0                       0                       0                       0 
   249   8.247939458749169e-05   0.0006005205181004575                       0  -0.0005180411235129658                       0                       0                       0                       0                       0                       0 
   250    0.003739078569674902    0.005466766400980259                       0   -0.001727687831305357                       0                       0                       0                       0                       0                       0 
   252   0.0002020588001193466    0.000746183414649285                       0  -0.0005441246145299384                       0                       0                       0                       0                       0                       0 
   253    0.004577505237631364    0.006085155718714089                       0   -0.001507650481082725                       0                       0                       0                       0                       0                       0 
   255   0.0002346914716092129   0.0006086597298073489                       0   -0.000373968258198136                       0                       0                       0                       0                       0                       0 
   256    0.004313775332402194    0.005263115736770478                       0  -0.0009493404043682845                       0                       0                       0                       0                       0                       0 
