#varID                   total                 dxdbVol                dxdbSurf                    dSdb                    dndb              dxdbDirect                    dVdb                distance                 options                    dvdb
   174   0.0004849225711565156  -0.0004439221524807088                       0   0.0009288447236372244                       0                       0                       0                       0                       0                       0 
   175   -0.007925577519369851   -0.008745660590887355                       0   0.0008200830715175054                       0                       0                       0                       0                       0                       0 
   177   0.0003161314031685563   0.0003081754476012779                       0   7.955955567278319e-06                       0                       0                       0                       0                       0                       0 
   178   -0.007605181373409976    -0.00765083809995705                       0   4.565672654707449e-05                       0                       0                       0                       0                       0                       0 
   180   0.0002799112457129586   0.0003223964907942401                       0  -4.248524508128151e-05                       0                       0                       0                       0                       0                       0 
   181   -0.005889627243200119   -0.005685377423311925                       0  -0.0002042498198881942                       0                       0                       0                       0                       0                       0 
   183    0.000131872462813295   0.0002240568529328262                       0  -9.218439011953121e-05                       0                       0                       0                       0                       0                       0 
   184   -0.003080223445786556   -0.002920549223342714                       0  -0.0001596742224438416                       0                       0                       0                       0                       0                       0 
   198     0.00043039029116594  -0.0004906352877712949                       0   0.0009210255789372349                       0                       0                       0                       0                       0                       0 
   199   -0.007841757675662531   -0.008248666944439757                       0   0.0004069092687772263                       0                       0                       0                       0                       0                       0 
   201   0.0003388867768534298   0.0003700948250904564                       0  -3.120804823702651e-05                       0                       0                       0                       0                       0                       0 
   202   -0.007146466672467678   -0.006971865131513185                       0  -0.0001746015409544933                       0                       0                       0                       0                       0                       0 
   204   0.0004537534321609896   0.0006184557475726483                       0  -0.0001647023154116586                       0                       0                       0                       0                       0                       0 
   205   -0.008265335589052051   -0.007785514394546543                       0   -0.000479821194505508                       0                       0                       0                       0                       0                       0 
   207   0.0004360458776523378   0.0008202287422534663                       0  -0.0003841828646011284                       0                       0                       0                       0                       0                       0 
   208   -0.007815769614866153   -0.007024476575813525                       0  -0.0007912930390526275                       0                       0                       0                       0                       0                       0 
   222   0.0001024578872943196   0.0001738448331863215                       0  -7.138694589200187e-05                       0                       0                       0                       0                       0                       0 
   223   0.0003226401568514927    0.001295956345975495                       0  -0.0009733161891240023                       0                       0                       0                       0                       0                       0 
   225   0.0001419992872242226   0.0005851426696990782                       0  -0.0004431433824748556                       0                       0                       0                       0                       0                       0 
   226    0.001427370259857668     0.00291024885152014                       0   -0.001482878591662471                       0                       0                       0                       0                       0                       0 
   228   0.0002449969721840755   0.0007785166257354496                       0  -0.0005335196535513741                       0                       0                       0                       0                       0                       0 
   229    0.001470008085828591    0.002869890764511968                       0   -0.001399882678683377                       0                       0                       0                       0                       0                       0 
   231   0.0004144709640019123   0.0009677022832710325                       0  -0.0005532313192691202                       0                       0                       0                       0                       0                       0 
   232    0.001622879792198865    0.002931848685144893                       0   -0.001308968892946028                       0                       0                       0                       0                       0                       0 
   246   3.437044982947883e-06   0.0002805105041499279                       0    -0.00027707345916698                       0                       0                       0                       0                       0                       0 
   247    0.001939719427266203    0.003160312185357825                       0   -0.001220592758091622                       0                       0                       0                       0                       0                       0 
   249   8.491105840148408e-05   0.0006602719541913922                       0  -0.0005753608957899081                       0                       0                       0                       0                       0                       0 
   250    0.003213921468850219    0.005099960717482405                       0   -0.001886039248632186                       0                       0                       0                       0                       0                       0 
   252   0.0001668572448699969   0.0007535359349181858                       0  -0.0005866786900481889                       0                       0                       0                       0                       0                       0 
   253    0.003902234564563246    0.005467368009048827                       0   -0.001565133444485581                       0                       0                       0                       0                       0                       0 
   255   0.0001805606620509456   0.0005728626681744277                       0  -0.0003923020061234822                       0                       0                       0                       0                       0                       0 
   256    0.003982739482612727    0.004917672920843713                       0  -0.0009349334382309849                       0                       0                       0                       0                       0                       0 
