#varID                   total                 dxdbVol                dxdbSurf                    dSdb                    dndb              dxdbDirect                    dVdb                distance                 options                    dvdb
   174   0.0001363758828015707  -0.0002516923624267656                       0   0.0003880682452283363                       0                       0                       0                       0                       0                       0 
   175   -0.008853649122904442    -0.00820021669763359                       0  -0.0006534324252708522                       0                       0                       0                       0                       0                       0 
   177   0.0003394505126852827   0.0002234119436104341                       0   0.0001160385690748486                       0                       0                       0                       0                       0                       0 
   178   -0.009031186412298621   -0.008600681481025784                       0  -0.0004305049312728371                       0                       0                       0                       0                       0                       0 
   180   0.0004522807899561563   0.0002323090424709323                       0    0.000219971747485224                       0                       0                       0                       0                       0                       0 
   181   -0.006409565881322666   -0.006408087962964518                       0  -1.477918358147847e-06                       0                       0                       0                       0                       0                       0 
   183   0.0002637259318965801   0.0001577428277967213                       0   0.0001059831040998588                       0                       0                       0                       0                       0                       0 
   184   -0.002983899710308604   -0.003080941537335764                       0   9.704182702716054e-05                       0                       0                       0                       0                       0                       0 
   198   7.492012963984158e-05  -0.0002771267296900141                       0   0.0003520468593298557                       0                       0                       0                       0                       0                       0 
   199   -0.008539794092604806   -0.007551357976015563                       0  -0.0009884361165892427                       0                       0                       0                       0                       0                       0 
   201    0.000368359223602183   0.0002753648455914164                       0   9.299437801076649e-05                       0                       0                       0                       0                       0                       0 
   202   -0.008362348940119668   -0.007806535074004875                       0  -0.0005558138661147928                       0                       0                       0                       0                       0                       0 
   204   0.0007372468684239396   0.0004625890918864655                       0   0.0002746577765374742                       0                       0                       0                       0                       0                       0 
   205   -0.008620488474570219   -0.008550462030945763                       0  -7.002644362445643e-05                       0                       0                       0                       0                       0                       0 
   207   0.0007841245220307092   0.0005988836030794717                       0   0.0001852409189512375                       0                       0                       0                       0                       0                       0 
   208   -0.006949517221861058   -0.006998657274591823                       0   4.914005273076572e-05                       0                       0                       0                       0                       0                       0 
   222   2.586437745292651e-05   0.0001522404971982028                       0  -0.0001263761197452763                       0                       0                       0                       0                       0                       0 
   223   0.0003153337381206862    0.001315894905428021                       0   -0.001000561167307335                       0                       0                       0                       0                       0                       0 
   225    0.000134104896819068   0.0004781305859858033                       0  -0.0003440256891667354                       0                       0                       0                       0                       0                       0 
   226    0.001968546916392976     0.00327695646374618                       0   -0.001308409547353204                       0                       0                       0                       0                       0                       0 
   228    0.000380029504813788    0.000740163256201368                       0    -0.00036013375138758                       0                       0                       0                       0                       0                       0 
   229    0.002478200291190134    0.003680236915620715                       0   -0.001202036624430581                       0                       0                       0                       0                       0                       0 
   231   0.0006449743855517839   0.0009643975709398747                       0  -0.0003194231853880907                       0                       0                       0                       0                       0                       0 
   232    0.002570320450616183    0.003583480990505259                       0   -0.001013160539889076                       0                       0                       0                       0                       0                       0 
   246  -1.533595801188816e-05   0.0002130765893696738                       0  -0.0002284125473815619                       0                       0                       0                       0                       0                       0 
   247    0.002078351503204958    0.003071310840978312                       0  -0.0009929593377733538                       0                       0                       0                       0                       0                       0 
   249   7.498479028784265e-05   0.0005470930684165886                       0  -0.0004721082781287459                       0                       0                       0                       0                       0                       0 
   250    0.004173988870085975    0.005767469707239036                       0    -0.00159348083715306                       0                       0                       0                       0                       0                       0 
   252   0.0002328322111248648   0.0007396173410715187                       0   -0.000506785129946654                       0                       0                       0                       0                       0                       0 
   253    0.005180992927940345     0.00663483072585819                       0   -0.001453837797917845                       0                       0                       0                       0                       0                       0 
   255   0.0002827009736860193   0.0006413365579612028                       0  -0.0003586355842751835                       0                       0                       0                       0                       0                       0 
   256    0.004600147762726934    0.005561672193132537                       0  -0.0009615244304056027                       0                       0                       0                       0                       0                       0 
