#varID                   total                 dxdbVol                dxdbSurf                    dSdb                    dndb              dxdbDirect                    dVdb                distance                 options                    dvdb
   174   0.0005407351112000128  -0.0004703066304710733                       0    0.001011041741671086                       0                       0                       0                       0                       0                       0 
   175   -0.007758263572500635   -0.008809801497561071                       0    0.001051537925060437                       0                       0                       0                       0                       0                       0 
   177   0.0003122780901079053   0.0003127750083671911                       0    -4.9691825928578e-07                       0                       0                       0                       0                       0                       0 
   178   -0.007352025262678573   -0.007478129450421546                       0   0.0001261041877429727                       0                       0                       0                       0                       0                       0 
   180   0.0002543624306479857   0.0003293142090528986                       0  -7.495177840491288e-05                       0                       0                       0                       0                       0                       0 
   181   -0.005768590440691268    -0.00555292637044841                       0  -0.0002156640702428579                       0                       0                       0                       0                       0                       0 
   183   0.0001052541441829685   0.0002329625938649055                       0   -0.000127708449681937                       0                       0                       0                       0                       0                       0 
   184   -0.003070604168147907   -0.002873838277787973                       0  -0.0001967658903599338                       0                       0                       0                       0                       0                       0 
   198   0.0004897355448335779  -0.0005195640038862659                       0    0.001009299548719844                       0                       0                       0                       0                       0                       0 
   199   -0.007717323216946081   -0.008346966903750648                       0   0.0006296436868045673                       0                       0                       0                       0                       0                       0 
   201   0.0003344838399830502   0.0003762895476327794                       0  -4.180570764972916e-05                       0                       0                       0                       0                       0                       0 
   202   -0.006926322746604039   -0.006819694100787494                       0  -0.0001066286458165456                       0                       0                       0                       0                       0                       0 
   204   0.0004075194792273742   0.0006331887578245253                       0  -0.0002256692785971511                       0                       0                       0                       0                       0                       0 
   205   -0.008143966999793296   -0.007628272483864458                       0  -0.0005156945159288378                       0                       0                       0                       0                       0                       0 
   207    0.000359003693444075   0.0008543381698743364                       0  -0.0004953344764302614                       0                       0                       0                       0                       0                       0 
   208   -0.007907575669937958   -0.006973915102379906                       0  -0.0009336605675580527                       0                       0                       0                       0                       0                       0 
   222   0.0001151495391612308   0.0001789042310978725                       0  -6.375469193664173e-05                       0                       0                       0                       0                       0                       0 
   223   0.0003134957630824917     0.00128551721353299                       0  -0.0009720214504504981                       0                       0                       0                       0                       0                       0 
   225   0.0001417830107938134   0.0005994303206165838                       0  -0.0004576473098227705                       0                       0                       0                       0                       0                       0 
   226    0.001347445398275803    0.002855068835422519                       0   -0.001507623437146716                       0                       0                       0                       0                       0                       0 
   228   0.0002230969624849643   0.0007827053102220652                       0  -0.0005596083477371009                       0                       0                       0                       0                       0                       0 
   229    0.001341465193729622    0.002765345660736793                       0   -0.001423880467007171                       0                       0                       0                       0                       0                       0 
   231   0.0003694963899909407   0.0009695109143980854                       0  -0.0006000145244071447                       0                       0                       0                       0                       0                       0 
   232    0.001487555960308723    0.002852591492374583                       0    -0.00136503553206586                       0                       0                       0                       0                       0                       0 
   246   5.647465894813514e-06   0.0002917020308853555                       0   -0.000286054564990542                       0                       0                       0                       0                       0                       0 
   247    0.001904638113893765     0.00316550603672981                       0   -0.001260867922836045                       0                       0                       0                       0                       0                       0 
   249   8.434517090522876e-05   0.0006763914010954456                       0  -0.0005920462301902169                       0                       0                       0                       0                       0                       0 
   250     0.00306595998366609    0.004996268806477187                       0   -0.001930308822811097                       0                       0                       0                       0                       0                       0 
   252   0.0001572572608912463    0.000755592176517285                       0  -0.0005983349156260387                       0                       0                       0                       0                       0                       0 
   253    0.003721355502538231    0.005301525561095271                       0   -0.001580170058557039                       0                       0                       0                       0                       0                       0 
   255   0.0001658985093957493   0.0005634182734885301                       0  -0.0003975197640927808                       0                       0                       0                       0                       0                       0 
   256    0.003892054954493754    0.004822950081548896                       0  -0.0009308951270551421                       0                       0                       0                       0                       0                       0 
