#varID                   total                 dxdbVol                dxdbSurf                    dSdb                    dndb              dxdbDirect                    dVdb                distance                 options                    dvdb
   174   0.0005512061239018166   0.0004061171837813689                       0   0.0001450889401204477                       0                       0                       0                       0                       0                       0 
   175    -0.01290441965521759    -0.01358923312687761                       0   0.0006848134716600254                       0                       0                       0                       0                       0                       0 
   177   0.0004912863597841129    0.000786327151188475                       0   -0.000295040791404362                       0                       0                       0                       0                       0                       0 
   178     -0.0126435121907344    -0.01277468669733468                       0    0.000131174506600274                       0                       0                       0                       0                       0                       0 
   180   0.0005174150815761262   0.0007651646286054076                       0  -0.0002477495470292814                       0                       0                       0                       0                       0                       0 
   181   -0.009515003250390239   -0.009629339543000421                       0    0.000114336292610182                       0                       0                       0                       0                       0                       0 
   183   0.0002691823674028827   0.0003879291752154135                       0  -0.0001187468078125309                       0                       0                       0                       0                       0                       0 
   184   -0.004675538410471377   -0.004703267896093896                       0    2.77294856225187e-05                       0                       0                       0                       0                       0                       0 
   198   0.0005195999760090704    0.000720434167164359                       0  -0.0002008341911552886                       0                       0                       0                       0                       0                       0 
   199    -0.01292473263254681    -0.01375443050837261                       0   0.0008296978758257943                       0                       0                       0                       0                       0                       0 
   201   0.0005326746355713738    0.001034297018915039                       0   -0.000501622383343665                       0                       0                       0                       0                       0                       0 
   202    -0.01200856123041962    -0.01220194774682649                       0   0.0001933865164068748                       0                       0                       0                       0                       0                       0 
   204   0.0008273719104446779    0.001358262553410276                       0  -0.0005308906429655981                       0                       0                       0                       0                       0                       0 
   205    -0.01329855488021539    -0.01346346156254149                       0   0.0001649066823261023                       0                       0                       0                       0                       0                       0 
   207   0.0008596943910283269    0.001418715442864526                       0  -0.0005590210518361988                       0                       0                       0                       0                       0                       0 
   208    -0.01149144818065326    -0.01155577174250293                       0   6.432356184966911e-05                       0                       0                       0                       0                       0                       0 
   222   0.0002540120567315317    0.001816278934803806                       0   -0.001562266878072274                       0                       0                       0                       0                       0                       0 
   223   -0.001474394696871612   -0.002227230699289826                       0    0.000752836002418214                       0                       0                       0                       0                       0                       0 
   225   0.0002369125502430544    0.001927435629691811                       0   -0.001690523079448756                       0                       0                       0                       0                       0                       0 
   226    0.001511336583147458    0.001138058990301028                       0   0.0003732775928464292                       0                       0                       0                       0                       0                       0 
   228   0.0004565344564273059    0.001902651012777574                       0   -0.001446116556350268                       0                       0                       0                       0                       0                       0 
   229    0.001956417034971258    0.001847875445936486                       0   0.0001085415890347727                       0                       0                       0                       0                       0                       0 
   231   0.0007540756627543675    0.002017579229033565                       0   -0.001263503566279198                       0                       0                       0                       0                       0                       0 
   232    0.002239579489370974    0.002191830562372055                       0   4.774892699891875e-05                       0                       0                       0                       0                       0                       0 
   246    0.000129796537042162    0.001828014094413016                       0   -0.001698217557370854                       0                       0                       0                       0                       0                       0 
   247    0.001130657247614411   0.0004723163053579503                       0   0.0006583409422564603                       0                       0                       0                       0                       0                       0 
   249   0.0001456930001622865     0.00222720325775024                       0   -0.002081510257587953                       0                       0                       0                       0                       0                       0 
   250    0.004288556211916511    0.003860037419990617                       0   0.0004285187919258939                       0                       0                       0                       0                       0                       0 
   252   0.0002960147757326557    0.001914804615371546                       0    -0.00161878983963889                       0                       0                       0                       0                       0                       0 
   253    0.005744052325815273    0.005644494754757756                       0   9.955757105751669e-05                       0                       0                       0                       0                       0                       0 
   255   0.0003266856837166694     0.00131645903829816                       0  -0.0009897733545814909                       0                       0                       0                       0                       0                       0 
   256    0.005677711568335009    0.005661414597210267                       0   1.629697112474148e-05                       0                       0                       0                       0                       0                       0 
