#varID                   total                 dxdbVol                dxdbSurf                    dSdb                    dndb              dxdbDirect                    dVdb                distance                 options                    dvdb
   174     0.00100443974062186   2.135307478305203e-05                       0   0.0009830866658388081                       0                       0                       0                       0                       0                       0 
   175    -0.01172972804126887    -0.01252111469890564                       0   0.0007913866576367718                       0                       0                       0                       0                       0                       0 
   177   0.0004722590037855801    0.000454322492334253                       0   1.793651145132719e-05                       0                       0                       0                       0                       0                       0 
   178    -0.01079512270638573    -0.01077745245957987                       0  -1.767024680585752e-05                       0                       0                       0                       0                       0                       0 
   180   0.0003283120802597196   0.0006788736245052548                       0  -0.0003505615442455351                       0                       0                       0                       0                       0                       0 
   181   -0.008781669935499982   -0.008775716024990363                       0  -5.953910509619078e-06                       0                       0                       0                       0                       0                       0 
   183   5.264813108724552e-05   0.0003771354489168523                       0  -0.0003244873178296067                       0                       0                       0                       0                       0                       0 
   184   -0.004739809619668099   -0.004669475870081965                       0   -7.03337495861341e-05                       0                       0                       0                       0                       0                       0 
   198    0.001024711662768325   0.0004045518090010118                       0   0.0006201598537673133                       0                       0                       0                       0                       0                       0 
   199    -0.01204413763673282    -0.01302563969080805                       0   0.0009815020540752332                       0                       0                       0                       0                       0                       0 
   201   0.0005155267424472205   0.0007593000767725566                       0  -0.0002437733343253361                       0                       0                       0                       0                       0                       0 
   202    -0.01041715747941664    -0.01047350577208717                       0   5.634829267052612e-05                       0                       0                       0                       0                       0                       0 
   204   0.0004661239083560692    0.001253345094999828                       0  -0.0007872211866437583                       0                       0                       0                       0                       0                       0 
   205    -0.01273263037975474    -0.01269293389684683                       0  -3.969648290791116e-05                       0                       0                       0                       0                       0                       0 
   207   0.0002611527365077074    0.001510445700541819                       0   -0.001249292964034112                       0                       0                       0                       0                       0                       0 
   208    -0.01264285084892614    -0.01241316185818711                       0  -0.0002296889907390384                       0                       0                       0                       0                       0                       0 
   222   0.0003496918320522919     0.00187696940905636                       0   -0.001527277577004068                       0                       0                       0                       0                       0                       0 
   223   -0.001218503519310549    -0.00206386902488857                       0   0.0008453655055780216                       0                       0                       0                       0                       0                       0 
   225   0.0002433998767453539    0.002042280756468575                       0   -0.001798880879723221                       0                       0                       0                       0                       0                       0 
   226    0.001207775169095134   0.0008440892284647997                       0   0.0003636859406303338                       0                       0                       0                       0                       0                       0 
   228   0.0002973755424822068     0.00185591706616101                       0   -0.001558541523678804                       0                       0                       0                       0                       0                       0 
   229    0.001063823686235634    0.001053162596383034                       0   1.066108985260001e-05                       0                       0                       0                       0                       0                       0 
   231   0.0004338587165876868    0.001947716256266414                       0   -0.001513857539678727                       0                       0                       0                       0                       0                       0 
   232    0.001084070870331289    0.001182440120862647                       0  -9.836925053135795e-05                       0                       0                       0                       0                       0                       0 
   246   0.0001456173590514307    0.001969576540669142                       0   -0.001823959181617711                       0                       0                       0                       0                       0                       0 
   247    0.001270366485778139   0.0005355761106218117                       0   0.0007347903751563271                       0                       0                       0                       0                       0                       0 
   249   0.0001424374944707855    0.002411683412843317                       0   -0.002269245918372532                       0                       0                       0                       0                       0                       0 
   250    0.003537300216029215    0.003097836789640731                       0   0.0004394634263884837                       0                       0                       0                       0                       0                       0 
   252   0.0002312898627850647      0.0018953298790113                       0   -0.001664040016226235                       0                       0                       0                       0                       0                       0 
   253    0.004560690609706682    0.004515813053146685                       0   4.487755655999642e-05                       0                       0                       0                       0                       0                       0 
   255   0.0002344113845034655    0.001198002178175141                       0  -0.0009635907936716759                       0                       0                       0                       0                       0                       0 
   256    0.005047208288771463    0.005072260787245354                       0  -2.505249847389076e-05                       0                       0                       0                       0                       0                       0 
