#varID                   total                 dxdbVol                dxdbSurf                    dSdb                    dndb              dxdbDirect                    dVdb                distance                 options                    dvdb
   174   0.0006552284975945749   0.0003166368432715064                       0   0.0003385916543230685                       0                       0                       0                       0                       0                       0 
   175    -0.01266428123471026    -0.01337647440320187                       0   0.0007121931684916082                       0                       0                       0                       0                       0                       0 
   177   0.0004873175844627952   0.0007218014239816764                       0  -0.0002344838395188811                       0                       0                       0                       0                       0                       0 
   178    -0.01226050997237016    -0.01235518967882483                       0   9.467970645467324e-05                       0                       0                       0                       0                       0                       0 
   180   0.0004715747942087733   0.0007553877383655079                       0  -0.0002838129441567346                       0                       0                       0                       0                       0                       0 
   181   -0.009394985691102784   -0.009478742671391351                       0   8.375698028856704e-05                       0                       0                       0                       0                       0                       0 
   183   0.0002265166901167513   0.0003921137946135182                       0  -0.0001655971044967669                       0                       0                       0                       0                       0                       0 
   184   -0.004719624310372953    -0.00472679643959331                       0   7.172129220356442e-06                       0                       0                       0                       0                       0                       0 
   198   0.0006316132232369274   0.0006435371970915281                       0  -1.192397385460078e-05                       0                       0                       0                       0                       0                       0 
   199    -0.01274412150439852      -0.013610592773616                       0   0.0008664712692174716                       0                       0                       0                       0                       0                       0 
   201   0.0005284884479890791     0.00098265237671243                       0  -0.0004541639287233509                       0                       0                       0                       0                       0                       0 
   202    -0.01168336398689353    -0.01184285680614834                       0   0.0001594928192548105                       0                       0                       0                       0                       0                       0 
   204   0.0007462960232442258    0.001351181605609085                       0  -0.0006048855823648593                       0                       0                       0                       0                       0                       0 
   205     -0.0132467060443921     -0.0133621293162942                       0    0.000115423271902102                       0                       0                       0                       0                       0                       0 
   207   0.0007494232927471365    0.001455723272392129                       0  -0.0007062999796449927                       0                       0                       0                       0                       0                       0 
   208    -0.01180724695908506    -0.01181347632206468                       0    6.22936297961473e-06                       0                       0                       0                       0                       0                       0 
   222   0.0002748807260966261    0.001827749705657974                       0   -0.001552868979561348                       0                       0                       0                       0                       0                       0 
   223     -0.0014111866954316   -0.002184992048365491                       0   0.0007738053529338911                       0                       0                       0                       0                       0                       0 
   225      0.0002394156218418    0.001957131086306927                       0   -0.001717715464465127                       0                       0                       0                       0                       0                       0 
   226    0.001438462094075096    0.001067115229995818                       0   0.0003713468640792777                       0                       0                       0                       0                       0                       0 
   228   0.0004214383202953958     0.00189662766420213                       0   -0.001475189343906735                       0                       0                       0                       0                       0                       0 
   229    0.001720233358307574    0.001634190611639761                       0   8.604274666781326e-05                       0                       0                       0                       0                       0                       0 
   231   0.0006912449828362871    0.002005536810272908                       0   -0.001314291827436621                       0                       0                       0                       0                       0                       0 
   232    0.001954036031165247    0.001935692464817403                       0   1.834356634784311e-05                       0                       0                       0                       0                       0                       0 
   246   0.0001336768187501741    0.001859082296421262                       0   -0.001725405477671088                       0                       0                       0                       0                       0                       0 
   247    0.001171742757925568   0.0004962533842389061                       0   0.0006754893736866619                       0                       0                       0                       0                       0                       0 
   249   0.0001466891262242704     0.00227195216836607                       0     -0.0021252630421418                       0                       0                       0                       0                       0                       0 
   250    0.004120130306129274    0.003688155659130579                       0   0.0004319746469986953                       0                       0                       0                       0                       0                       0 
   252   0.0002808993238387516    0.001911232486979009                       0   -0.001630333163140257                       0                       0                       0                       0                       0                       0 
   253    0.005455708812239933    0.005368656155707847                       0    8.70526565320852e-05                       0                       0                       0                       0                       0                       0 
   255   0.0003041553082732465    0.001288076441416658                       0  -0.0009839211331434119                       0                       0                       0                       0                       0                       0 
   256    0.005522475743645759    0.005515867704265245                       0   6.608039380514701e-06                       0                       0                       0                       0                       0                       0 
