#varID                   total                 dxdbVol                dxdbSurf                    dSdb                    dndb              dxdbDirect                    dVdb                distance                 options                    dvdb
   174   0.0009269103141732556   8.712876287933266e-05                       0    0.000839781551293923                       0                       0                       0                       0                       0                       0 
   175    -0.01195958919188014     -0.0127352248649826                       0   0.0007756356731024636                       0                       0                       0                       0                       0                       0 
   177   0.0004762621289114319   0.0005218085195303753                       0  -4.554639061894346e-05                       0                       0                       0                       0                       0                       0 
   178    -0.01115020183453848    -0.01115618934277782                       0   5.987508239336803e-06                       0                       0                       0                       0                       0                       0 
   180   0.0003583800680190864   0.0007021475519133656                       0  -0.0003437674838942792                       0                       0                       0                       0                       0                       0 
   181   -0.008949873275017716   -0.008961913755692937                       0   1.204048067522171e-05                       0                       0                       0                       0                       0                       0 
   183   9.566787836143124e-05   0.0003846812330363164                       0  -0.0002890133546748852                       0                       0                       0                       0                       0                       0 
   184   -0.004755262352468417   -0.004703280655210472                       0  -5.198169725794503e-05                       0                       0                       0                       0                       0                       0 
   198   0.0009346418282699818    0.000455465929852029                       0   0.0004791758984179528                       0                       0                       0                       0                       0                       0 
   199    -0.01221622325741255    -0.01317333214982732                       0   0.0009571088924147721                       0                       0                       0                       0                       0                       0 
   201   0.0005185822439973862   0.0008166998384011026                       0  -0.0002981175944037164                       0                       0                       0                       0                       0                       0 
   202    -0.01072677754168085    -0.01080465382964132                       0   7.787628796047201e-05                       0                       0                       0                       0                       0                       0 
   204   0.0005291950292790345    0.001285793383206382                       0  -0.0007565983539273476                       0                       0                       0                       0                       0                       0 
   205    -0.01289840647568903    -0.01289138271897291                       0  -7.023756716120695e-06                       0                       0                       0                       0                       0                       0 
   207    0.000387756525969738    0.001508925742562482                       0   -0.001121169216592744                       0                       0                       0                       0                       0                       0 
   208    -0.01249295302569526    -0.01232173111534331                       0  -0.0001712219103519516                       0                       0                       0                       0                       0                       0 
   222   0.0003323127370638698    0.001864326718743281                       0   -0.001532013981679411                       0                       0                       0                       0                       0                       0 
   223   -0.001259682967254604    -0.00208881279277435                       0   0.0008291298255197458                       0                       0                       0                       0                       0                       0 
   225   0.0002431176638019966    0.002025040007512954                       0   -0.001781922343710957                       0                       0                       0                       0                       0                       0 
   226    0.001257532498779837   0.0008920094212485122                       0   0.0003655230775313248                       0                       0                       0                       0                       0                       0 
   228   0.0003259574315661795    0.001867959392116793                       0   -0.001542001960550613                       0                       0                       0                       0                       0                       0 
   229    0.001192340675579559    0.001164873555639502                       0   2.746711994005745e-05                       0                       0                       0                       0                       0                       0 
   231   0.0004988243107110328     0.00196385549730794                       0   -0.001465031186596907                       0                       0                       0                       0                       0                       0 
   232    0.001265183146984032    0.001334706836234526                       0  -6.952368925049344e-05                       0                       0                       0                       0                       0                       0 
   246   0.0001431293740863698    0.001943829554155887                       0   -0.001800700180069517                       0                       0                       0                       0                       0                       0 
   247    0.001253305277571268   0.0005321228411318004                       0   0.0007211824364394678                       0                       0                       0                       0                       0                       0 
   249   0.0001443817051899753    0.002381506747573515                       0    -0.00223712504238354                       0                       0                       0                       0                       0                       0 
   250    0.003670626186182602    0.003232301383088682                       0   0.0004383248030939197                       0                       0                       0                       0                       0                       0 
   252   0.0002423092827589489    0.001899380219891851                       0   -0.001657070937132902                       0                       0                       0                       0                       0                       0 
   253    0.004752722396665135    0.004698294046199207                       0   5.442835046592791e-05                       0                       0                       0                       0                       0                       0 
   255   0.0002494216215170436    0.001217708847346154                       0  -0.0009682872258291103                       0                       0                       0                       0                       0                       0 
   256    0.005148151844734093    0.005166156942278204                       0  -1.800509754411128e-05                       0                       0                       0                       0                       0                       0 
