#varID                   total                 dxdbVol                dxdbSurf                    dSdb                    dndb              dxdbDirect                    dVdb                distance                 options                    dvdb
   174   0.0004403138236160725   0.0005033474016845188                       0  -6.303357806844622e-05                       0                       0                       0                       0                       0                       0 
   175    -0.01314722253152119    -0.01380111503734805                       0     0.00065389250582686                       0                       0                       0                       0                       0                       0 
   177   0.0004958301799519746   0.0008489900342665188                       0  -0.0003531598543145442                       0                       0                       0                       0                       0                       0 
   178    -0.01303118167211814     -0.0132029073423425                       0    0.000171725670224365                       0                       0                       0                       0                       0                       0 
   180    0.000567344827473645   0.0007694555006145678                       0  -0.0002021106731409228                       0                       0                       0                       0                       0                       0 
   181   -0.009615808389304446   -0.009764395378046126                       0   0.0001485869887416801                       0                       0                       0                       0                       0                       0 
   183   0.0003104144254523175   0.0003795213995259227                       0  -6.910697407360518e-05                       0                       0                       0                       0                       0                       0 
   184   -0.004612993525543365     -0.0046613569155514                       0   4.836339000803447e-05                       0                       0                       0                       0                       0                       0 
   198   0.0004021230700489866   0.0008057724912076346                       0  -0.0004036494211586481                       0                       0                       0                       0                       0                       0 
   199    -0.01310818935348323    -0.01389746399703566                       0   0.0007892746435524214                       0                       0                       0                       0                       0                       0 
   201    0.000537695122466245    0.001083105761540575                       0    -0.00054541063907433                       0                       0                       0                       0                       0                       0 
   202    -0.01233486916202203    -0.01256606498878053                       0   0.0002311958267585021                       0                       0                       0                       0                       0                       0 
   204   0.0009121724278945283    0.001355595504624635                       0  -0.0004434230767301065                       0                       0                       0                       0                       0                       0 
   205    -0.01331008269331656    -0.01352894009347311                       0   0.0002188574001565512                       0                       0                       0                       0                       0                       0 
   207   0.0009625120478863774     0.00137057371990881                       0  -0.0004080616720224331                       0                       0                       0                       0                       0                       0 
   208    -0.01112839750745105    -0.01124927732016141                       0   0.0001208798127103617                       0                       0                       0                       0                       0                       0 
   222   0.0002323300434320039    0.001805334272850279                       0   -0.001573004229418275                       0                       0                       0                       0                       0                       0 
   223   -0.001546187086301653   -0.002276606322577082                       0   0.0007304192362754289                       0                       0                       0                       0                       0                       0 
   225   0.0002335524232920385     0.00189312417412495                       0   -0.001659571750832911                       0                       0                       0                       0                       0                       0 
   226    0.001591670166239084    0.001216559688923693                       0   0.0003751104773153909                       0                       0                       0                       0                       0                       0 
   228   0.0004932480228001359    0.001906288520379686                       0    -0.00141304049757955                       0                       0                       0                       0                       0                       0 
   229    0.002230696494812815    0.002098034503099762                       0   0.0001326619917130526                       0                       0                       0                       0                       0                       0 
   231   0.0008161567791070969    0.002029140665928847                       0    -0.00121298388682175                       0                       0                       0                       0                       0                       0 
   232    0.002557201946486607    0.002480138377605468                       0   7.706356888113911e-05                       0                       0                       0                       0                       0                       0 
   246   0.0001255291241884348    0.001795368498243163                       0   -0.001669839374054728                       0                       0                       0                       0                       0                       0 
   247    0.001080128283820359   0.0004400748073500657                       0   0.0006400534764702933                       0                       0                       0                       0                       0                       0 
   249   0.0001434061198182083    0.002177081992268692                       0   -0.002033675872450483                       0                       0                       0                       0                       0                       0 
   250    0.004467403783568328    0.004043250113836847                       0   0.0004241536697314812                       0                       0                       0                       0                       0                       0 
   252   0.0003125166091658322     0.00191799024181489                       0   -0.001605473632649058                       0                       0                       0                       0                       0                       0 
   253    0.006067035269167719    0.005953954270026962                       0   0.0001130809991407573                       0                       0                       0                       0                       0                       0 
   255   0.0003520645474377824    0.001348099734510195                       0   -0.000996035187072413                       0                       0                       0                       0                       0                       0 
   256    0.005852359858534107    0.005825420612887136                       0   2.693924564697061e-05                       0                       0                       0                       0                       0                       0 
