#varID                   total                 dxdbVol                dxdbSurf                    dSdb                    dndb              dxdbDirect                    dVdb                distance                 options                    dvdb
   174  -0.0002159777264929355    0.001136384583472072                       0   -0.001352362309965008                       0                       0                       0                       0                       0                       0 
   175    -0.01440411114335185    -0.01484221767308149                       0   0.0004381065297296437                       0                       0                       0                       0                       0                       0 
   177   0.0005396784007754953    0.001110559993075303                       0  -0.0005708815922998078                       0                       0                       0                       0                       0                       0 
   178    -0.01496687852806643    -0.01541745141911897                       0   0.0004505728910525361                       0                       0                       0                       0                       0                       0 
   180   0.0008666263593224456   0.0006658882222184872                       0   0.0002007381371039584                       0                       0                       0                       0                       0                       0 
   181   -0.009700583404229782    -0.01007848119184317                       0   0.0003778977876133907                       0                       0                       0                       0                       0                       0 
   183   0.0004689945306263153   0.0002537901674286407                       0   0.0002152043631976746                       0                       0                       0                       0                       0                       0 
   184   -0.003985401944838559   -0.004128213613634719                       0   0.0001428116687961596                       0                       0                       0                       0                       0                       0 
   198  -0.0002634089948558263    0.001390180748828454                       0    -0.00165358974368428                       0                       0                       0                       0                       0                       0 
   199    -0.01408907305296052    -0.01461479719543021                       0   0.0005257241424696899                       0                       0                       0                       0                       0                       0 
   201   0.0005849150634076184    0.001254419101630706                       0  -0.0006695040382230877                       0                       0                       0                       0                       0                       0 
   202    -0.01391131576148116    -0.01440418956976894                       0   0.0004928738082877821                       0                       0                       0                       0                       0                       0 
   204    0.001362032805588006    0.001134649218240889                       0   0.0002273835873471174                       0                       0                       0                       0                       0                       0 
   205    -0.01256289098956434    -0.01311395173127138                       0   0.0005510607417070423                       0                       0                       0                       0                       0                       0 
   207    0.001314883931772595   0.0009386776325924382                       0   0.0003762062991801573                       0                       0                       0                       0                       0                       0 
   208   -0.008565168755786752   -0.008921486394373658                       0   0.0003563176385869053                       0                       0                       0                       0                       0                       0 
   222   0.0001147120183925879    0.001763725253715237                       0   -0.001649013235322649                       0                       0                       0                       0                       0                       0 
   223   -0.002110475901810635   -0.002702357235816494                       0   0.0005918813340058589                       0                       0                       0                       0                       0                       0 
   225   0.0001952449831470614    0.001615481082620144                       0   -0.001420236099473082                       0                       0                       0                       0                       0                       0 
   226    0.002136334136552032     0.00175777411262298                       0    0.000378560023929052                       0                       0                       0                       0                       0                       0 
   228   0.0007001011884772142    0.001871989758501821                       0   -0.001171888570024607                       0                       0                       0                       0                       0                       0 
   229     0.00443105226705467    0.004149820726906522                       0   0.0002812315401481479                       0                       0                       0                       0                       0                       0 
   231    0.001124174387172521    0.002103859200978059                       0  -0.0009796848138055377                       0                       0                       0                       0                       0                       0 
   232    0.004737174546916324    0.004515946988395551                       0   0.0002212275585207733                       0                       0                       0                       0                       0                       0 
   246   9.921834501001024e-05    0.001605375976843106                       0   -0.001506157631833096                       0                       0                       0                       0                       0                       0 
   247   0.0005999410555829406   7.374789335296429e-05                       0   0.0005261931622299763                       0                       0                       0                       0                       0                       0 
   249   9.726626644013204e-05    0.001801250127939086                       0   -0.001703983861498954                       0                       0                       0                       0                       0                       0 
   250     0.00554129937628042    0.005161009189263961                       0   0.0003802901870164592                       0                       0                       0                       0                       0                       0 
   252    0.000424309347104745    0.001920204130620705                       0    -0.00149589478351596                       0                       0                       0                       0                       0                       0 
   253     0.00846311055944694    0.008259974522133642                       0   0.0002031360373132977                       0                       0                       0                       0                       0                       0 
   255   0.0005474244250212562    0.001584376921858837                       0   -0.001036952496837581                       0                       0                       0                       0                       0                       0 
   256     0.00715078670967186    0.007049344362454617                       0   0.0001014423472172433                       0                       0                       0                       0                       0                       0 
