#varID                   total                 dxdbVol                dxdbSurf                    dSdb                    dndb              dxdbDirect                    dVdb                distance                 options                    dvdb
   174  -0.0003664193502743371    0.001298803017022806                       0   -0.001665222367297143                       0                       0                       0                       0                       0                       0 
   175    -0.01466462135883762    -0.01504617190320342                       0   0.0003815505443657927                       0                       0                       0                       0                       0                       0 
   177   0.0005553823570463312    0.001146208308053269                       0  -0.0005908259510069374                       0                       0                       0                       0                       0                       0 
   178    -0.01533127331546202    -0.01585624439877657                       0   0.0005249710833145545                       0                       0                       0                       0                       0                       0 
   180   0.0009308150895047972   0.0006096909532509775                       0   0.0003211241362538197                       0                       0                       0                       0                       0                       0 
   181   -0.009604980332733961    -0.01003978236028529                       0   0.0004348020275513309                       0                       0                       0                       0                       0                       0 
   183   0.0004853628939777598   0.0002080755560068219                       0   0.0002772873379709379                       0                       0                       0                       0                       0                       0 
   184   -0.003792868724313607   -0.003950537088806398                       0   0.0001576683644927915                       0                       0                       0                       0                       0                       0 
   198  -0.0004108880932461993    0.001544760007933882                       0   -0.001955648101180082                       0                       0                       0                       0                       0                       0 
   199     -0.0143043952842817    -0.01476423136042063                       0   0.0004598360761389295                       0                       0                       0                       0                       0                       0 
   201   0.0006004367116654272    0.001266136275407118                       0  -0.0006656995637416911                       0                       0                       0                       0                       0                       0 
   202    -0.01419509181673569    -0.01475769892704638                       0   0.0005626071103106835                       0                       0                       0                       0                       0                       0 
   204    0.001447685946812447    0.001035489652339868                       0   0.0004121962944725798                       0                       0                       0                       0                       0                       0 
   205    -0.01220905005296189     -0.0128364451442403                       0   0.0006273950912784093                       0                       0                       0                       0                       0                       0 
   207    0.001344079694303262   0.0008116220634092543                       0   0.0005324576308940072                       0                       0                       0                       0                       0                       0 
   208   -0.007903398819553193   -0.008292493085759781                       0   0.0003890942662065872                       0                       0                       0                       0                       0                       0 
   222   9.055264422287886e-05      0.0017595927910352                       0   -0.001669040146812322                       0                       0                       0                       0                       0                       0 
   223   -0.002287164208228584   -0.002844958968024744                       0   0.0005577947597961592                       0                       0                       0                       0                       0                       0 
   225   0.0001804832019096344    0.001527821822642827                       0   -0.001347338620733192                       0                       0                       0                       0                       0                       0 
   226    0.002280830640590195     0.00190423430017998                       0   0.0003765963404102152                       0                       0                       0                       0                       0                       0 
   228    0.000746027742693765    0.001850581463192686                       0   -0.001104553720498921                       0                       0                       0                       0                       0                       0 
   229      0.0051122494531597    0.004794657653289991                       0    0.000317591799869709                       0                       0                       0                       0                       0                       0 
   231    0.001190107604438264    0.002130758028168236                       0  -0.0009406504237299715                       0                       0                       0                       0                       0                       0 
   232    0.005320355117849907    0.005070292994611333                       0    0.000250062123238574                       0                       0                       0                       0                       0                       0 
   246   9.365974936888515e-05    0.001561781331256992                       0   -0.001468121581888107                       0                       0                       0                       0                       0                       0 
   247   0.0004326884702708115  -6.486873475670111e-05                       0   0.0004975572050275126                       0                       0                       0                       0                       0                       0 
   249    7.61782499549763e-05    0.001687228651665773                       0   -0.001611050401710797                       0                       0                       0                       0                       0                       0 
   250     0.00579477420083746    0.005430222843605519                       0   0.0003645513572319417                       0                       0                       0                       0                       0                       0 
   252   0.0004549456974740566    0.001915153920303706                       0   -0.001460208222829649                       0                       0                       0                       0                       0                       0 
   253    0.009176744672150806    0.008948930435831717                       0   0.0002278142363190897                       0                       0                       0                       0                       0                       0 
   255   0.0006084056472055986     0.00165658646739911                       0   -0.001048180820193511                       0                       0                       0                       0                       0                       0 
   256    0.007533110941373333    0.007410476333587839                       0   0.0001226346077854937                       0                       0                       0                       0                       0                       0 
