#varID                   total                 dxdbVol                dxdbSurf                    dSdb                    dndb              dxdbDirect                    dVdb                distance                 options                    dvdb
   174    0.001075734390997877  -4.003584627143806e-05                       0    0.001115770237269315                       0                       0                       0                       0                       0                       0 
   175    -0.01150236741323506    -0.01230720178266719                       0   0.0008048343694321302                       0                       0                       0                       0                       0                       0 
   177   0.0004678912344456348   0.0003869575621274837                       0   8.093367231815114e-05                       0                       0                       0                       0                       0                       0 
   178     -0.0104481732951795    -0.01040935789064472                       0  -3.881540453478025e-05                       0                       0                       0                       0                       0                       0 
   180   0.0003017367005685254   0.0006538129922856674                       0   -0.000352076291717142                       0                       0                       0                       0                       0                       0 
   181   -0.008607074518741358    -0.00858568566890763                       0   -2.13888498337286e-05                       0                       0                       0                       0                       0                       0 
   183   1.052500864893384e-05   0.0003677458950930249                       0   -0.000357220886444091                       0                       0                       0                       0                       0                       0 
   184   -0.004713074598740201   -0.004625261085718713                       0   -8.78135130214882e-05                       0                       0                       0                       0                       0                       0 
   198    0.001109406072367209    0.000358446904386945                       0   0.0007509591679802636                       0                       0                       0                       0                       0                       0 
   199    -0.01187377585870491    -0.01287711885850957                       0    0.001003342999804665                       0                       0                       0                       0                       0                       0 
   201   0.0005123534790408584   0.0007014962451371209                       0  -0.0001891427660962625                       0                       0                       0                       0                       0                       0 
   202    -0.01011317964321787    -0.01015039835333408                       0   3.721871011621687e-05                       0                       0                       0                       0                       0                       0 
   204   0.0004077381009703712    0.001217259528550677                       0  -0.0008095214275803054                       0                       0                       0                       0                       0                       0 
   205    -0.01254836805296157     -0.0124797252076187                       0  -6.864284534287872e-05                       0                       0                       0                       0                       0                       0 
   207   0.0001333936873006622    0.001505339052526651                       0   -0.001371945365225989                       0                       0                       0                       0                       0                       0 
   208    -0.01275801230280434    -0.01247091827167701                       0  -0.0002870940311273318                       0                       0                       0                       0                       0                       0 
   222   0.0003661886587175691    0.001889726262836758                       0   -0.001523537604119189                       0                       0                       0                       0                       0                       0 
   223   -0.001180715160293497   -0.002041353800385931                       0   0.0008606386400924344                       0                       0                       0                       0                       0                       0 
   225   0.0002433203768153157     0.00205746234648616                       0   -0.001814141969670844                       0                       0                       0                       0                       0                       0 
   226    0.001162433392165846   0.0008004993409786241                       0   0.0003619340511872224                       0                       0                       0                       0                       0                       0 
   228   0.0002703758085887201    0.001843065593261969                       0   -0.001572689784673249                       0                       0                       0                       0                       0                       0 
   229   0.0009538951124573999   0.0009588025956272432                       0  -4.907483169843266e-06                       0                       0                       0                       0                       0                       0 
   231   0.0003688001955762233     0.00193042565034818                       0   -0.001561625454771957                       0                       0                       0                       0                       0                       0 
   232   0.0009238544997392833    0.001050685851858301                       0  -0.0001268313521190176                       0                       0                       0                       0                       0                       0 
   246   0.0001478110001521882    0.001994217737223058                       0    -0.00184640673707087                       0                       0                       0                       0                       0                       0 
   247    0.001283783072699817   0.0005360764834673134                       0   0.0007477065892325037                       0                       0                       0                       0                       0                       0 
   249   0.0001401180685751202    0.002439401054075234                       0   -0.002299282985500114                       0                       0                       0                       0                       0                       0 
   250    0.003411282994849645    0.002971034310186154                       0   0.0004402486846634914                       0                       0                       0                       0                       0                       0 
   252   0.0002210318029847889    0.001891327988904763                       0   -0.001670296185919974                       0                       0                       0                       0                       0                       0 
   253    0.004385281856064238    0.004349408640692354                       0   3.587321537188373e-05                       0                       0                       0                       0                       0                       0 
   255   0.0002206247654363314    0.001179732240407094                       0  -0.0009591074749707625                       0                       0                       0                       0                       0                       0 
   256    0.004955539708698747    0.004987188136784886                       0  -3.164842808613946e-05                       0                       0                       0                       0                       0                       0 
