#varID                   total                 dxdbVol                dxdbSurf                    dSdb                    dndb              dxdbDirect                    dVdb                distance                 options                    dvdb
   174  -0.0005224797949599186    0.001475234042030236                       0   -0.001997713836990155                       0                       0                       0                       0                       0                       0 
   175    -0.01492908342109878    -0.01524948531216994                       0   0.0003204018910711636                       0                       0                       0                       0                       0                       0 
   177     0.00057404231314667    0.001173463248058692                       0  -0.0005994209349120219                       0                       0                       0                       0                       0                       0 
   178    -0.01567841532097551    -0.01628518902604115                       0   0.0006067737050656363                       0                       0                       0                       0                       0                       0 
   180   0.0009930518133645686   0.0005375197187526795                       0   0.0004555320946118892                       0                       0                       0                       0                       0                       0 
   181   -0.009462401750427597   -0.009957056291822268                       0   0.0004946545413946719                       0                       0                       0                       0                       0                       0 
   183   0.0004946375586418383   0.0001544931075725825                       0   0.0003401444510692558                       0                       0                       0                       0                       0                       0 
   184   -0.003578220302676868   -0.003748597054494784                       0   0.0001703767518179167                       0                       0                       0                       0                       0                       0 
   198  -0.0005626177931932627    0.001713685619297523                       0   -0.002276303412490786                       0                       0                       0                       0                       0                       0 
   199    -0.01452961767114463    -0.01491912077250712                       0   0.0003895031013624868                       0                       0                       0                       0                       0                       0 
   201   0.0006181916207983031    0.001266889288053726                       0  -0.0006486976672554227                       0                       0                       0                       0                       0                       0 
   202    -0.01445927341826215    -0.01509829633070206                       0   0.0006390229124399096                       0                       0                       0                       0                       0                       0 
   204    0.001527376717902557   0.0009134245183647167                       0   0.0006139521995378401                       0                       0                       0                       0                       0                       0 
   205    -0.01177153989447913    -0.01247703351189073                       0   0.0007054936174116002                       0                       0                       0                       0                       0                       0 
   207    0.001357288722873469   0.0006713011198349649                       0   0.0006859876030385039                       0                       0                       0                       0                       0                       0 
   208    -0.00719503388845511   -0.007610723568137468                       0   0.0004156896796823585                       0                       0                       0                       0                       0                       0 
   222   6.694404661851503e-05    0.001757710403567428                       0   -0.001690766356948913                       0                       0                       0                       0                       0                       0 
   223   -0.002496483763947581   -0.003017668501525942                       0    0.000521184737578361                       0                       0                       0                       0                       0                       0 
   225   0.0001619044263202021    0.001424096983902821                       0   -0.001262192557582619                       0                       0                       0                       0                       0                       0 
   226    0.002439312934393172    0.002066418723850556                       0   0.0003728942105426154                       0                       0                       0                       0                       0                       0 
   228   0.0007935670507339743    0.001822626052820575                       0   -0.001029059002086601                       0                       0                       0                       0                       0                       0 
   229    0.005911406185874717    0.005554676032520227                       0     0.00035673015335449                       0                       0                       0                       0                       0                       0 
   231    0.001260557228274327    0.002166227311381747                       0  -0.0009056700831074202                       0                       0                       0                       0                       0                       0 
   232    0.005965749683194806    0.005686327603618958                       0   0.0002794220795758469                       0                       0                       0                       0                       0                       0 
   246   8.859611703886995e-05    0.001516566283469989                       0   -0.001427970166431119                       0                       0                       0                       0                       0                       0 
   247   0.0002288418867064561  -0.0002375517113589304                       0   0.0004663935980653865                       0                       0                       0                       0                       0                       0 
   249   4.852629964758031e-05    0.001553128964835617                       0   -0.001504602665188037                       0                       0                       0                       0                       0                       0 
   250    0.006059881966630458    0.005714689496476807                       0   0.0003451924701536518                       0                       0                       0                       0                       0                       0 
   252   0.0004894705194658658    0.001906650277075161                       0   -0.001417179757609295                       0                       0                       0                       0                       0                       0 
   253     0.01000675145675805      0.0097509406445439                       0   0.0002558108122141496                       0                       0                       0                       0                       0                       0 
   255   0.0006810975618169346    0.001742112946927237                       0   -0.001061015385110302                       0                       0                       0                       0                       0                       0 
   256    0.007973365502881032    0.007826457912803784                       0   0.0001469075900772475                       0                       0                       0                       0                       0                       0 
