#varID                   total                 dxdbVol                dxdbSurf                    dSdb                    dndb              dxdbDirect                    dVdb                distance                 options                    dvdb
   174   0.0007524487511003143   0.0002341251507612368                       0   0.0005183236003390775                       0                       0                       0                       0                       0                       0 
   175    -0.01242679901606538    -0.01316308546869012                       0   0.0007362864526247395                       0                       0                       0                       0                       0                       0 
   177   0.0004836313346352108   0.0006559147071824082                       0  -0.0001722833725471974                       0                       0                       0                       0                       0                       0 
   178    -0.01188340965715562    -0.01194528014492093                       0   6.187048776530509e-05                       0                       0                       0                       0                       0                       0 
   180   0.0004298471359713376   0.0007410843656616382                       0  -0.0003112372296903006                       0                       0                       0                       0                       0                       0 
   181   -0.009258933766655314   -0.009315594882399877                       0   5.666111574456203e-05                       0                       0                       0                       0                       0                       0 
   183   0.0001830297167488903   0.0003926278695183891                       0  -0.0002095981527694988                       0                       0                       0                       0                       0                       0 
   184   -0.004746633675647525   -0.004733547299818435                       0  -1.308637582908978e-05                       0                       0                       0                       0                       0                       0 
   198   0.0007381254354223168   0.0005742563126089059                       0   0.0001638691228134109                       0                       0                       0                       0                       0                       0 
   199    -0.01256602358854273    -0.01346583822151401                       0   0.0008998146329712799                       0                       0                       0                       0                       0                       0 
   201   0.0005248873824434793   0.0009288174442573995                       0  -0.0004039300618139202                       0                       0                       0                       0                       0                       0 
   202    -0.01136065298805795    -0.01148981176538168                       0   0.0001291587773237338                       0                       0                       0                       0                       0                       0 
   204    0.000669397261193908    0.001335859457902632                       0   -0.000666462196708724                       0                       0                       0                       0                       0                       0 
   205    -0.01315963055375683    -0.01322998805657842                       0   7.035750282159024e-05                       0                       0                       0                       0                       0                       0 
   207   0.0006331177923899467    0.001482480036939253                       0  -0.0008493622445493066                       0                       0                       0                       0                       0                       0 
   208    -0.01207781516382532    -0.01202504503794759                       0  -5.277012587772388e-05                       0                       0                       0                       0                       0                       0 
   222     0.00029490002057571    0.001839640969350865                       0   -0.001544740948775155                       0                       0                       0                       0                       0                       0 
   223   -0.001355105425369166   -0.002148547428805089                       0   0.0007934420034359237                       0                       0                       0                       0                       0                       0 
   225   0.0002412099566240103    0.001982919493637868                       0   -0.001741709537013857                       0                       0                       0                       0                       0                       0 
   226    0.001372304404932348    0.001002922376028932                       0   0.0003693820289034167                       0                       0                       0                       0                       0                       0 
   228   0.0003879756999152779    0.001888609922079586                       0   -0.001500634222164308                       0                       0                       0                       0                       0                       0 
   229    0.001516999749931517    0.001451916899580475                       0   6.508285035104262e-05                       0                       0                       0                       0                       0                       0 
   231   0.0006276852428758258    0.001992689131588801                       0   -0.001365003888712975                       0                       0                       0                       0                       0                       0 
   232    0.001698015923334353    0.001709083769092515                       0  -1.106784575816157e-05                       0                       0                       0                       0                       0                       0 
   246   0.0001371806246465944    0.001888675323749715                       0   -0.001751494699103121                       0                       0                       0                       0                       0                       0 
   247    0.001205017222492274   0.0005134030854980874                       0   0.0006916141369941871                       0                       0                       0                       0                       0                       0 
   249   0.0001466650955527803    0.002312153381794389                       0   -0.002165488286241609                       0                       0                       0                       0                       0                       0 
   250    0.003961435257044574    0.003526756956219847                       0   0.0004346783008247272                       0                       0                       0                       0                       0                       0 
   252   0.0002670016206397356    0.001907405415804725                       0    -0.00164040379516499                       0                       0                       0                       0                       0                       0 
   253    0.005197027517791669    0.005121594657285835                       0   7.543286050583367e-05                       0                       0                       0                       0                       0                       0 
   255   0.0002840093535233209     0.00126242841201546                       0   -0.000978419058492139                       0                       0                       0                       0                       0                       0 
   256    0.005383951289020955    0.005386215956857627                       0  -2.264667836671878e-06                       0                       0                       0                       0                       0                       0 
