#varID                   total                 dxdbVol                dxdbSurf                    dSdb                    dndb              dxdbDirect                    dVdb                distance                 options                    dvdb
   174   6.646311077168686e-05   0.0008501348050005224                       0  -0.0007836716942288355                       0                       0                       0                       0                       0                       0 
   175    -0.01389259281440626    -0.01443004697685544                       0   0.0005374541624491807                       0                       0                       0                       0                       0                       0 
   177   0.0005163266330737594     0.00101949428045485                       0  -0.0005031676473810906                       0                       0                       0                       0                       0                       0 
   178    -0.01420412564867497    -0.01452605170707496                       0   0.0003219260583999887                       0                       0                       0                       0                       0                       0 
   180   0.0007393406427176597   0.0007378906357906563                       0   1.450006927003463e-06                       0                       0                       0                       0                       0                       0 
   181   -0.009766650192321568    -0.01004123249051143                       0   0.0002745822981898635                       0                       0                       0                       0                       0                       0 
   183   0.0004183304714284098   0.0003231229956127618                       0   9.520747581564804e-05                       0                       0                       0                       0                       0                       0 
   184   -0.004302635857279239   -0.004410671685318323                       0   0.0001080358280390834                       0                       0                       0                       0                       0                       0 
   198   1.781698741584585e-05    0.001121269624368055                       0   -0.001103452636952209                       0                       0                       0                       0                       0                       0 
   199    -0.01368096990472481    -0.01432503757227506                       0   0.0006440676675502513                       0                       0                       0                       0                       0                       0 
   201   0.0005605296115802963    0.001204546553715999                       0  -0.0006440169421357031                       0                       0                       0                       0                       0                       0 
   202    -0.01330204927096941    -0.01367407248875278                       0   0.0003720232177833746                       0                       0                       0                       0                       0                       0 
   204    0.001181519584113879    0.001272078955322089                       0  -9.055937120821006e-05                       0                       0                       0                       0                       0                       0 
   205      -0.013046911950203    -0.01345367976146216                       0   0.0004067678112591619                       0                       0                       0                       0                       0                       0 
   207    0.001211752144303094     0.00115170343015013                       0   6.004871415296468e-05                       0                       0                       0                       0                       0                       0 
   208   -0.009741707234079005    -0.01001615329271532                       0   0.0002744460586363129                       0                       0                       0                       0                       0                       0 
   222   0.0001630847526012465    0.001777001427498111                       0   -0.001613916674896864                       0                       0                       0                       0                       0                       0 
   223   -0.001832641346051316   -0.002485822569645099                       0   0.0006531812235937828                       0                       0                       0                       0                       0                       0 
   225   0.0002161867351336965    0.001753067469921215                       0   -0.001536880734787518                       0                       0                       0                       0                       0                       0 
   226    0.001885972591579296    0.001506966848564717                       0   0.0003790057430145799                       0                       0                       0                       0                       0                       0 
   228   0.0006128105636343847    0.001898347302775376                       0   -0.001285536739140992                       0                       0                       0                       0                       0                       0 
   229    0.003348488031356991    0.003132780472559392                       0   0.0002157075587975991                       0                       0                       0                       0                       0                       0 
   231   0.0009995020880916488    0.002066654869870132                       0   -0.001067152781778483                       0                       0                       0                       0                       0                       0 
   232    0.003732182776569002    0.003568223198099865                       0   0.0001639595784691366                       0                       0                       0                       0                       0                       0 
   246   0.0001105023372360153    0.001686997148090684                       0   -0.001576494810854669                       0                       0                       0                       0                       0                       0 
   247   0.0008499699411381469   0.0002730320910331462                       0   0.0005769378501050006                       0                       0                       0                       0                       0                       0 
   249   0.0001249750230261416    0.001983210847919039                       0   -0.001858235824892898                       0                       0                       0                       0                       0                       0 
   250    0.005073485692703212    0.004670013916498571                       0   0.0004034717762046401                       0                       0                       0                       0                       0                       0 
   252   0.0003725360346025781    0.001923299776666286                       0   -0.001550763742063708                       0                       0                       0                       0                       0                       0 
   253     0.00731051368941166    0.007148935712354883                       0   0.0001615779770567772                       0                       0                       0                       0                       0                       0 
   255    0.000451734035391851    0.001469871132174643                       0   -0.001018137096782792                       0                       0                       0                       0                       0                       0 
   256    0.006527582447646303    0.006461196634487951                       0   6.638581315835229e-05                       0                       0                       0                       0                       0                       0 
