#varID                   total                 dxdbVol                dxdbSurf                    dSdb                    dndb              dxdbDirect                    dVdb                distance                 options                    dvdb
   174   0.0003225313807834266   0.0006091674040373618                       0  -0.0002866360232539352                       0                       0                       0                       0                       0                       0 
   175    -0.01339282491856445    -0.01401200435360559                       0   0.0006191794350411369                       0                       0                       0                       0                       0                       0 
   177    0.000501269519800918   0.0009092028737229544                       0  -0.0004079333539220363                       0                       0                       0                       0                       0                       0 
   178    -0.01342196582034928    -0.01363870332270349                       0   0.0002167375023542008                       0                       0                       0                       0                       0                       0 
   180   0.0006212150557221997   0.0007671761373740773                       0  -0.0001459610816518776                       0                       0                       0                       0                       0                       0 
   181   -0.009693910240769994   -0.009880569725845299                       0   0.0001866594850753042                       0                       0                       0                       0                       0                       0 
   183   0.0003495274757538439   0.0003663120252294346                       0  -1.678454947559074e-05                       0                       0                       0                       0                       0                       0 
   184   -0.004530703173261675    -0.00459952313071426                       0   6.881995745258491e-05                       0                       0                       0                       0                       0                       0 
   198    0.000279255531783831   0.0009004224828298032                       0  -0.0006211669510459722                       0                       0                       0                       0                       0                       0 
   199     -0.0132949712615202    -0.01403996009023602                       0   0.0007449888287158217                       0                       0                       0                       0                       0                       0 
   201   0.0005438220663853214    0.001128340906473518                       0  -0.0005845188400881964                       0                       0                       0                       0                       0                       0 
   202    -0.01266063771749511    -0.01293393908634774                       0   0.0002733013688526369                       0                       0                       0                       0                       0                       0 
   204    0.001000064373059322    0.001341539668283977                       0   -0.000341475295224655                       0                       0                       0                       0                       0                       0 
   205    -0.01327585710956388    -0.01355310700346191                       0   0.0002772498938980304                       0                       0                       0                       0                       0                       0 
   207    0.001056422136674153    0.001310478245158717                       0  -0.0002540561084845644                       0                       0                       0                       0                       0                       0 
   208      -0.010716439935939     -0.0108916641754928                       0   0.0001752242395538045                       0                       0                       0                       0                       0                       0 
   222    0.000209889476219956    0.001795038703035432                       0   -0.001585149226815476                       0                       0                       0                       0                       0                       0 
   223    -0.00162832569371813   -0.002334755672250971                       0    0.000706429978532841                       0                       0                       0                       0                       0                       0 
   225   0.0002291477816948537     0.00185334607139961                       0   -0.001624198289704756                       0                       0                       0                       0                       0                       0 
   226    0.001680280726587323    0.001303521308424423                       0   0.0003767594181628998                       0                       0                       0                       0                       0                       0 
   228   0.0005315534080938477    0.001907108321246866                       0   -0.001375554913153019                       0                       0                       0                       0                       0                       0 
   229    0.002549123619968549    0.002390629927148414                       0   0.0001584936928201352                       0                       0                       0                       0                       0                       0 
   231    0.000877573510291435    0.002040694458801798                       0   -0.001163120948510363                       0                       0                       0                       0                       0                       0 
   232    0.002909710128454638    0.002803488254270545                       0   0.0001062218741840926                       0                       0                       0                       0                       0                       0 
   246   0.0001208752333694304    0.001761044784389959                       0   -0.001640169551020528                       0                       0                       0                       0                       0                       0 
   247    0.001018184684608807   0.0003976898775497757                       0   0.0006204948070590317                       0                       0                       0                       0                       0                       0 
   249   0.0001394911155406459    0.002120581742450514                       0   -0.001981090626909868                       0                       0                       0                       0                       0                       0 
   250    0.004657383369044494    0.004238695089418658                       0   0.0004186882796258356                       0                       0                       0                       0                       0                       0 
   252   0.0003306049554530519    0.001920622112253439                       0   -0.001590017156800387                       0                       0                       0                       0                       0                       0 
   253    0.006430660666978907    0.006302875160958862                       0   0.0001277855060200447                       0                       0                       0                       0                       0                       0 
   255   0.0003808636297773524    0.001383645540091313                       0    -0.00100278191031396                       0                       0                       0                       0                       0                       0 
   256    0.006049601063886443    0.006010902858446992                       0   3.869820543945147e-05                       0                       0                       0                       0                       0                       0 
