#varID                   total                 dxdbVol                dxdbSurf                    dSdb                    dndb              dxdbDirect                    dVdb                distance                 options                    dvdb
   174   0.0001978852517533334   0.0007244586546870299                       0  -0.0005265734029336965                       0                       0                       0                       0                       0                       0 
   175     -0.0136412663933089    -0.01422170380498002                       0   0.0005804374116711202                       0                       0                       0                       0                       0                       0 
   177   0.0005079665974345178   0.0009662927226902426                       0  -0.0004583261252557248                       0                       0                       0                       0                       0                       0 
   178    -0.01381380887349133    -0.01408045710893411                       0   0.0002666482354427744                       0                       0                       0                       0                       0                       0 
   180   0.0006787167078734719   0.0007571069822986914                       0  -7.839027442521954e-05                       0                       0                       0                       0                       0                       0 
   181   -0.009745529927809258   -0.009974179908604204                       0    0.000228649980794946                       0                       0                       0                       0                       0                       0 
   183   0.0003857690201633488   0.0003477086615757671                       0   3.806035858758168e-05                       0                       0                       0                       0                       0                       0 
   184    -0.00442754882546128   -0.004516363472234214                       0   8.881464677293398e-05                       0                       0                       0                       0                       0                       0 
   198   0.0001511052522365471     0.00100528446101018                       0  -0.0008541792087736325                       0                       0                       0                       0                       0                       0 
   199    -0.01348566583186473    -0.01418230948879793                       0   0.0006966436569332008                       0                       0                       0                       0                       0                       0 
   201   0.0005513394174320047    0.001169149711891532                       0  -0.0006178102944595271                       0                       0                       0                       0                       0                       0 
   202    -0.01298384609035937    -0.01330395133133962                       0   0.0003201052409802468                       0                       0                       0                       0                       0                       0 
   204    0.001090205520360916    0.001314325459889721                       0  -0.0002241199395288046                       0                       0                       0                       0                       0                       0 
   205    -0.01319013228751947    -0.01353009648499265                       0   0.0003399641974731848                       0                       0                       0                       0                       0                       0 
   207    0.001139971382238033    0.001237710988895671                       0  -9.773960665763861e-05                       0                       0                       0                       0                       0                       0 
   208    -0.01025440395271324    -0.01048105631401227                       0   0.0002266523612990298                       0                       0                       0                       0                       0                       0 
   222   0.0001867701237373875    0.001785537010710897                       0    -0.00159876688697351                       0                       0                       0                       0                       0                       0 
   223    -0.00172295068642937   -0.002403683351809682                       0   0.0006807326653803119                       0                       0                       0                       0                       0                       0 
   225   0.0002234601351525577    0.001807074728096876                       0   -0.001583614592944319                       0                       0                       0                       0                       0                       0 
   226    0.001778058246993568    0.001399949161951881                       0   0.0003781090850416869                       0                       0                       0                       0                       0                       0 
   228   0.0005714183010957349    0.001904634689688749                       0   -0.001333216388593014                       0                       0                       0                       0                       0                       0 
   229     0.00291886535901151    0.002732728532163746                       0   0.0001861368268477649                       0                       0                       0                       0                       0                       0 
   231   0.0009385518753907715    0.002052901024163817                       0   -0.001114349148773045                       0                       0                       0                       0                       0                       0 
   232    0.003300209204172066    0.003165022840392472                       0   0.0001351863637795941                       0                       0                       0                       0                       0                       0 
   246    0.000115851744173499    0.001724947667561297                       0   -0.001609095923387798                       0                       0                       0                       0                       0                       0 
   247   0.0009424329308341048   0.0003429191836219701                       0   0.0005995137472121347                       0                       0                       0                       0                       0                       0 
   249   0.0001335245183571422    0.002056466115907564                       0   -0.001922941597550422                       0                       0                       0                       0                       0                       0 
   250    0.004859194102927263    0.004447304590637447                       0   0.0004118895122898163                       0                       0                       0                       0                       0                       0 
   252   0.0003505170674801496    0.001922484828554142                       0   -0.001571967761073992                       0                       0                       0                       0                       0                       0 
   253    0.006842202050509803    0.006698332174929649                       0   0.0001438698755801537                       0                       0                       0                       0                       0                       0 
   255   0.0004137915986695531    0.001423900483876216                       0   -0.001010108885206663                       0                       0                       0                       0                       0                       0 
   256    0.006273192702355317    0.006221423656235788                       0   5.176904611952878e-05                       0                       0                       0                       0                       0                       0 
