#varID                   total                 dxdbVol                dxdbSurf                    dSdb                    dndb              dxdbDirect                    dVdb                distance                 options                    dvdb
   174    0.000842966029479411   0.0001578481119347535                       0   0.0006851179175446575                       0                       0                       0                       0                       0                       0 
   175    -0.01219193901187603    -0.01294928895939047                       0   0.0007573499475144406                       0                       0                       0                       0                       0                       0 
   177   0.0004800058649832492   0.0005891195508975168                       0  -0.0001091136859142676                       0                       0                       0                       0                       0                       0 
   178    -0.01151311171513764    -0.01154552042872011                       0   3.240871358247116e-05                       0                       0                       0                       0                       0                       0 
   180   0.0003921621207130244   0.0007230943068472916                       0  -0.0003309321861342672                       0                       0                       0                       0                       0                       0 
   181    -0.00910971167911849   -0.009142544427260549                       0   3.283274814205941e-05                       0                       0                       0                       0                       0                       0 
   183   0.0001392590385102561   0.0003899907098667212                       0  -0.0002507316713564651                       0                       0                       0                       0                       0                       0 
   184   -0.004758021440901301   -0.004725164651646076                       0  -3.285678925522483e-05                       0                       0                       0                       0                       0                       0 
   198    0.000839128283620829    0.000511809395005259                       0   0.0003273188886155701                       0                       0                       0                       0                       0                       0 
   199    -0.01239013439140578     -0.0133200870023847                       0   0.0009299526109789191                       0                       0                       0                       0                       0                       0 
   201   0.0005216492860958264   0.0008733422369569306                       0  -0.0003516929508611042                       0                       0                       0                       0                       0                       0 
   202    -0.01104150416558938    -0.01114355849905696                       0    0.000102054333467587                       0                       0                       0                       0                       0                       0 
   204   0.0005969738868051048    0.001313657528621064                       0   -0.000716683641815959                       0                       0                       0                       0                       0                       0 
   205    -0.01304207154301725    -0.01307166710207268                       0   2.959555905543262e-05                       0                       0                       0                       0                       0                       0 
   207   0.0005121369624180312    0.001499906020578987                       0  -0.0009877690581609558                       0                       0                       0                       0                       0                       0 
   208    -0.01230551741288876    -0.01219342267174759                       0  -0.0001120947411411662                       0                       0                       0                       0                       0                       0 
   222   0.0003140478063390218    0.001851860316011535                       0   -0.001537812509672513                       0                       0                       0                       0                       0                       0 
   223   -0.001304939570850579     -0.0021167909099718                       0   0.0008118513391212207                       0                       0                       0                       0                       0                       0 
   225   0.0002424127884489496    0.002005391162203313                       0   -0.001762978373754364                       0                       0                       0                       0                       0                       0 
   226    0.001312195015589885   0.0009447654000393716                       0   0.0003674296155505132                       0                       0                       0                       0                       0                       0 
   228   0.0003561511723762418    0.001878949369524407                       0   -0.001522798197148165                       0                       0                       0                       0                       0                       0 
   229     0.00134230311963728     0.00129672010774549                       0    4.55830118917901e-05                       0                       0                       0                       0                       0                       0 
   231   0.0005634946065061464    0.001978832549597377                       0   -0.001415337943091231                       0                       0                       0                       0                       0                       0 
   232    0.001469139470927795    0.001509529585407654                       0  -4.039011447985891e-05                       0                       0                       0                       0                       0                       0 
   246   0.0001403245812316241    0.001916892566437119                       0   -0.001776567985205495                       0                       0                       0                       0                       0                       0 
   247    0.001231831560502823   0.0005250156708247841                       0   0.0007068158896780393                       0                       0                       0                       0                       0                       0 
   249   0.0001458377604623353    0.002348484870371585                       0    -0.00220264710990925                       0                       0                       0                       0                       0                       0 
   250    0.003811809016065798    0.003375049698274111                       0   0.0004367593177916862                       0                       0                       0                       0                       0                       0 
   252   0.0002541787193209792    0.001903427202539135                       0   -0.001649248483218155                       0                       0                       0                       0                       0                       0 
   253    0.004963858090714895    0.004899269742656791                       0   6.458834805810305e-05                       0                       0                       0                       0                       0                       0 
   255   0.0002658685997663949    0.001239088754003658                       0  -0.0009732201542372632                       0                       0                       0                       0                       0                       0 
   256    0.005259834278129015    0.005270270863760262                       0  -1.043658563124652e-05                       0                       0                       0                       0                       0                       0 
