#varID                   total                 dxdbVol                dxdbSurf                    dSdb                    dndb              dxdbDirect                    dVdb                distance                 options                    dvdb
   174   -7.15725944904458e-05   0.0009871315894090353                       0   -0.001058704183899481                       0                       0                       0                       0                       0                       0 
   175    -0.01414685163410409    -0.01463690480212469                       0   0.0004900531680206011                       0                       0                       0                       0                       0                       0 
   177    0.000526766592427313    0.001067924788431773                       0  -0.0005411581960044603                       0                       0                       0                       0                       0                       0 
   178    -0.01458973882111074    -0.01497280286653449                       0   0.0003830640454237478                       0                       0                       0                       0                       0                       0 
   180    0.000802329636487634   0.0007080298869882862                       0   9.429974949934784e-05                       0                       0                       0                       0                       0                       0 
   181   -0.009753084598508901    -0.01007747465484146                       0    0.000324390056332557                       0                       0                       0                       0                       0                       0 
   183   0.0004463622505558116   0.0002919899021726754                       0   0.0001543723483831361                       0                       0                       0                       0                       0                       0 
   184   -0.004155349082247842   -0.004281499545734775                       0   0.0001261504634869328                       0                       0                       0                       0                       0                       0 
   198  -0.0001204267746996179    0.001249280201867008                       0   -0.001369706976566626                       0                       0                       0                       0                       0                       0 
   199    -0.01388174149287804    -0.01446886600562396                       0   0.0005871245127459126                       0                       0                       0                       0                       0                       0 
   201   0.0005716521882032153    0.001233400095066856                       0  -0.0006617479068636407                       0                       0                       0                       0                       0                       0 
   202    -0.01361233824052678     -0.0140418136173279                       0   0.0004294753768011164                       0                       0                       0                       0                       0                       0 
   204    0.001272669192208457    0.001212850182499807                       0      5.981900970865e-05                       0                       0                       0                       0                       0                       0 
   205    -0.01283997242790339    -0.01331727294970292                       0   0.0004773005217995323                       0                       0                       0                       0                       0                       0 
   207    0.001270447865647545    0.001052075912075155                       0   0.0002183719535723903                       0                       0                       0                       0                       0                       0 
   208   -0.009178393710940463   -0.009496288109805007                       0   0.0003178943988645443                       0                       0                       0                       0                       0                       0 
   222   0.0001389917427954959    0.001769642574040754                       0   -0.001630650831245258                       0                       0                       0                       0                       0                       0 
   223   -0.001960536811944628   -0.002584156129589033                       0   0.0006236193176444055                       0                       0                       0                       0                       0                       0 
   225   0.0002069434518707004    0.001689815404558529                       0   -0.001482871952687829                       0                       0                       0                       0                       0                       0 
   226    0.002005049652899916     0.00162580402748937                       0   0.0003792456254105461                       0                       0                       0                       0                       0                       0 
   228   0.0006557061911191748    0.001887675763645031                       0   -0.001231969572525856                       0                       0                       0                       0                       0                       0 
   229      0.0038483381062715    0.003600991408458505                       0   0.0002473466978129951                       0                       0                       0                       0                       0                       0 
   231    0.001061066257313893    0.002083134189826653                       0    -0.00102206793251276                       0                       0                       0                       0                       0                       0 
   232    0.004209620713923102     0.00401702278010054                       0   0.0001925979338225623                       0                       0                       0                       0                       0                       0 
   246   0.0001049103013654135    0.001647141088815952                       0   -0.001542230787450538                       0                       0                       0                       0                       0                       0 
   247   0.0007372531298358018   0.0001846818541189659                       0   0.0005525712757168358                       0                       0                       0                       0                       0                       0 
   249   0.0001131721136805176    0.001898925098264032                       0   -0.001785752984583514                       0                       0                       0                       0                       0                       0 
   250    0.005300774242568389    0.004907690665973148                       0   0.0003930835765952408                       0                       0                       0                       0                       0                       0 
   252    0.000396999339112115    0.001922701460192484                       0   -0.001525702121080369                       0                       0                       0                       0                       0                       0 
   253    0.007846409064083673    0.007665199144011513                       0   0.0001812099200721591                       0                       0                       0                       0                       0                       0 
   255   0.0004958061144241862    0.001522826180926947                       0    -0.00102702006650276                       0                       0                       0                       0                       0                       0 
   256    0.006818039139155448    0.006735208966159271                       0   8.283017299617676e-05                       0                       0                       0                       0                       0                       0 
