#    J                     JCycle                
1    0.04061355268661505   0.04061355268661505   
2    0.04040083652871102   0.04040083652871102   
3    0.04021454295167005   0.04021454295167005   
4    0.04004980828724629   0.04004980828724629   
5    0.03990297394060151   0.03990297394060151   
6    0.03977121165818954   0.03977121165818954   
7    0.03965228761307366   0.03965228761307366   
8    0.03954440440207061   0.03954440440207061   
9    0.0394460944750455    0.0394460944750455    
10   0.03935614795240139   0.03935614795240139   
11   0.03927355276720385   0.03927355276720385   
12   0.03919745249595895   0.03919745249595895   
13   0.03912712238674563   0.03912712238674563   
14   0.03906194028438437   0.03906194028438437   
15   0.0390013702454148    0.0390013702454148    
