#    VInit                 0.01037504956222167  
#    J                     JCycle                
1    0                     0                     
2    -4.542636431641304e-07 -4.542636431641304e-07 
3    -6.74063629302121e-07 -6.74063629302121e-07 
4    -6.472631535925662e-07 -6.472631535925662e-07 
5    -6.213223430398072e-07 -6.213223430398072e-07 
6    -5.963266772186998e-07 -5.963266772186998e-07 
7    -5.723960240292028e-07 -5.723960240292028e-07 
8    -5.495851673654021e-07 -5.495851673654021e-07 
9    -5.278807908010992e-07 -5.278807908010992e-07 
10   -5.072381649350455e-07 -5.072381649350455e-07 
11   -4.876026177309347e-07 -4.876026177309347e-07 
12   -4.689186428171548e-07 -4.689186428171548e-07 
13   -4.511330684561363e-07 -4.511330684561363e-07 
