#varID                   total                 dxdbVol                dxdbSurf                    dSdb                    dndb              dxdbDirect                    dVdb                distance                 options                    dvdb
   174   6.808663298446291e-05   0.0002738876315219077                       0  -0.0002058009985374448                       0                       0                       0                       0                       0                       0 
   175    -0.01300935757497358    -0.01256352836057825                       0  -0.0004458292143953289                       0                       0                       0                       0                       0                       0 
   177   0.0004904945196888568   0.0006254409192948122                       0  -0.0001349463996059554                       0                       0                       0                       0                       0                       0 
   178    -0.01336198658407866    -0.01313243639401504                       0  -0.0002295501900636251                       0                       0                       0                       0                       0                       0 
   180   0.0007023185765727884   0.0004929536622090037                       0   0.0002093649143637847                       0                       0                       0                       0                       0                       0 
   181   -0.009225633504338705   -0.009404357696422807                       0   0.0001787241920841013                       0                       0                       0                       0                       0                       0 
   183   0.0004018007929099238   0.0002513343764867784                       0   0.0001504664164231453                       0                       0                       0                       0                       0                       0 
   184   -0.004115190074760714   -0.004278923029629426                       0   0.0001637329548687128                       0                       0                       0                       0                       0                       0 
   198   1.679969070793482e-06   0.0003907406730417007                       0  -0.0003890607039709072                       0                       0                       0                       0                       0                       0 
   199    -0.01265249919275467    -0.01205044799657964                       0  -0.0006020511961750307                       0                       0                       0                       0                       0                       0 
   201   0.0005331944022188847   0.0007461952845844256                       0   -0.000213000882365541                       0                       0                       0                       0                       0                       0 
   202    -0.01242215673056225    -0.01214891801627992                       0  -0.0002732387142823285                       0                       0                       0                       0                       0                       0 
   204    0.001129777328360684   0.0008949848854216236                       0   0.0002347924429390605                       0                       0                       0                       0                       0                       0 
   205    -0.01229356812557286    -0.01252477772072406                       0   0.0002312095951512051                       0                       0                       0                       0                       0                       0 
   207    0.001169773736757474   0.0009302598929168058                       0   0.0002395138438406683                       0                       0                       0                       0                       0                       0 
   208   -0.009354036366964052   -0.009647353710110679                       0   0.0002933173431466265                       0                       0                       0                       0                       0                       0 
   222   7.926712609749947e-05   0.0009623637035068627                       0  -0.0008830965774093633                       0                       0                       0                       0                       0                       0 
   223  -0.0006558574480926442  -0.0003300526987160227                       0  -0.0003258047493766215                       0                       0                       0                       0                       0                       0 
   225   0.0001945291822822023    0.001137862206991656                       0  -0.0009433330247094541                       0                       0                       0                       0                       0                       0 
   226    0.002397190484610666    0.003093591646456952                       0  -0.0006964011618462861                       0                       0                       0                       0                       0                       0 
   228   0.0005840600706693878    0.001411829384664025                       0  -0.0008277693139946373                       0                       0                       0                       0                       0                       0 
   229    0.003557497134924781    0.004276938355861526                       0  -0.0007194412209367453                       0                       0                       0                       0                       0                       0 
   231   0.0009650818106429471    0.001666139826030409                       0  -0.0007010580153874622                       0                       0                       0                       0                       0                       0 
   232    0.003767293584902196    0.004371437552799303                       0  -0.0006041439678971079                       0                       0                       0                       0                       0                       0 
   246   3.319011683658793e-05    0.000947676356342589                       0   -0.000914486239506001                       0                       0                       0                       0                       0                       0 
   247    0.001892460363760611    0.002204558970601777                       0  -0.0003120986068411658                       0                       0                       0                       0                       0                       0 
   249   0.0001081204725769253    0.001290321287243186                       0    -0.00118220081466626                       0                       0                       0                       0                       0                       0 
   250    0.005543930067193149    0.006409323022001302                       0  -0.0008653929548081532                       0                       0                       0                       0                       0                       0 
   252   0.0003558764169946979    0.001427780775053403                       0   -0.001071904358058706                       0                       0                       0                       0                       0                       0 
   253    0.007390930715454113    0.008333389198342658                       0  -0.0009424584828885451                       0                       0                       0                       0                       0                       0 
   255   0.0004355058506167645    0.001166429295158886                       0  -0.0007309234445421218                       0                       0                       0                       0                       0                       0 
   256    0.006469250308054809    0.007129188214940178                       0  -0.0006599379068853689                       0                       0                       0                       0                       0                       0 
