#varID                   total                 dxdbVol                dxdbSurf                    dSdb                    dndb              dxdbDirect                    dVdb                distance                 options                    dvdb
   174    -0.00019753509988184   0.0005011166017370969                       0  -0.0006986517016189369                       0                       0                       0                       0                       0                       0 
   175    -0.01357031035278987       -0.01249013660506                       0   -0.001080173747729868                       0                       0                       0                       0                       0                       0 
   177   0.0005152862952302771   0.0006053558822825783                       0   -9.00695870523012e-05                       0                       0                       0                       0                       0                       0 
   178    -0.01419972837908441    -0.01387490051432688                       0  -0.0003248278647575326                       0                       0                       0                       0                       0                       0 
   180   0.0008303829661377554   0.0003976446626481182                       0   0.0004327383034896371                       0                       0                       0                       0                       0                       0 
   181   -0.009258171411919909   -0.009640642407661944                       0   0.0003824709957420345                       0                       0                       0                       0                       0                       0 
   183   0.0004536688484187028   0.0001871468005452019                       0   0.0002665220478735008                       0                       0                       0                       0                       0                       0 
   184   -0.003852041804715527   -0.004134993430760029                       0   0.0002829516260445024                       0                       0                       0                       0                       0                       0 
   198  -0.0002596812614371835   0.0006184709072302418                       0  -0.0008781521686674253                       0                       0                       0                       0                       0                       0 
   199    -0.01309739592301378    -0.01188850758529849                       0   -0.001208888337715284                       0                       0                       0                       0                       0                       0 
   201   0.0005608000711625615   0.0007025554621862066                       0  -0.0001417553910236451                       0                       0                       0                       0                       0                       0 
   202    -0.01310143799016987    -0.01277627534727546                       0  -0.0003251626428944078                       0                       0                       0                       0                       0                       0 
   204    0.001312620181251267   0.0007366803018357446                       0   0.0005759398794155227                       0                       0                       0                       0                       0                       0 
   205    -0.01197086349040758     -0.0125285945463953                       0   0.0005577310559877215                       0                       0                       0                       0                       0                       0 
   207    0.001280942154679199   0.0007425604126314279                       0   0.0005383817420477708                       0                       0                       0                       0                       0                       0 
   208   -0.008333569442810379   -0.008942388277829238                       0   0.0006088188350188591                       0                       0                       0                       0                       0                       0 
   222   3.069606099742584e-05   0.0009519380840568618                       0  -0.0009212420230594359                       0                       0                       0                       0                       0                       0 
   223  -0.0008559401147422274  -0.0004472993698069754                       0   -0.000408640744935252                       0                       0                       0                       0                       0                       0 
   225   0.0001737657035743714    0.001023688140394213                       0   -0.000849922436819842                       0                       0                       0                       0                       0                       0 
   226    0.002756206867681181    0.003364649988848619                       0  -0.0006084431211674377                       0                       0                       0                       0                       0                       0 
   228   0.0006770457062003326    0.001381048134354912                       0  -0.0007040024281545793                       0                       0                       0                       0                       0                       0 
   229    0.004627500714522257    0.005199531472380562                       0  -0.0005720307578583055                       0                       0                       0                       0                       0                       0 
   231    0.001093444796345611    0.001692953037571105                       0  -0.0005995082412254948                       0                       0                       0                       0                       0                       0 
   232    0.004670369428257599    0.005162763790045249                       0  -0.0004923943617876497                       0                       0                       0                       0                       0                       0 
   246   2.029997713027349e-05   0.0008847632650240617                       0  -0.0008644632878937882                       0                       0                       0                       0                       0                       0 
   247     0.00175099821862034    0.002045006592167921                       0  -0.0002940083735475811                       0                       0                       0                       0                       0                       0 
   249   7.903819224080013e-05    0.001155982021452625                       0   -0.001076943829211825                       0                       0                       0                       0                       0                       0 
   250    0.006168615899579828    0.006911422912877717                       0  -0.0007428070132978886                       0                       0                       0                       0                       0                       0 
   252   0.0004119811090144835    0.001423199117380349                       0   -0.001011218008365866                       0                       0                       0                       0                       0                       0 
   253    0.008579770690882949    0.009429550756926199                       0  -0.0008497800660432507                       0                       0                       0                       0                       0                       0 
   255   0.0005318161670430531    0.001258148736104742                       0  -0.0007263325690616892                       0                       0                       0                       0                       0                       0 
   256    0.007053325472892151    0.007702814654584109                       0  -0.0006494891816919581                       0                       0                       0                       0                       0                       0 
