#varID                   total                 dxdbVol                dxdbSurf                    dSdb                    dndb              dxdbDirect                    dVdb                distance                 options                    dvdb
   174   0.0007004077779747422  -0.0001901510520488027                       0   0.0008905588300235449                       0                       0                       0                       0                       0                       0 
   175    -0.01150917840298307    -0.01247276514450659                       0   0.0009635867415235166                       0                       0                       0                       0                       0                       0 
   177   0.0004537250405870781   0.0005397934414672301                       0  -8.606840088015201e-05                       0                       0                       0                       0                       0                       0 
   178    -0.01102478765730451    -0.01108856382831055                       0   6.377617100603733e-05                       0                       0                       0                       0                       0                       0 
   180   0.0004026880164232229   0.0005831785442923508                       0   -0.000180490527869128                       0                       0                       0                       0                       0                       0 
   181   -0.008563110785683925    -0.00843574797209771                       0  -0.0001273628135862141                       0                       0                       0                       0                       0                       0 
   183   0.0001801897895430295    0.000344523652051066                       0  -0.0001643338625080365                       0                       0                       0                       0                       0                       0 
   184   -0.004432674668511246   -0.004307599756882333                       0  -0.0001250749116289119                       0                       0                       0                       0                       0                       0 
   198   0.0006536859728568179  -5.933308073954627e-05                       0   0.0007130190535963642                       0                       0                       0                       0                       0                       0 
   199    -0.01151463849219141    -0.01228801033075739                       0   0.0007733718385659825                       0                       0                       0                       0                       0                       0 
   201   0.0004894650852032849   0.0007087817083549984                       0  -0.0002193166231517136                       0                       0                       0                       0                       0                       0 
   202    -0.01045158165779557    -0.01039231550959737                       0  -5.926614819820511e-05                       0                       0                       0                       0                       0                       0 
   204   0.0006396515343391381    0.001073706642815435                       0  -0.0004340551084762967                       0                       0                       0                       0                       0                       0 
   205    -0.01209657898079695    -0.01177095240009043                       0  -0.0003256265807065171                       0                       0                       0                       0                       0                       0 
   207   0.0006095822674975717    0.001282135251498793                       0   -0.000672552984001221                       0                       0                       0                       0                       0                       0 
   208    -0.01126350416679394    -0.01066230644359326                       0  -0.0006011977232006848                       0                       0                       0                       0                       0                       0 
   222    0.000205108199573664    0.001012643300733734                       0  -0.0008075351011600701                       0                       0                       0                       0                       0                       0 
   223  -0.0004004575204029131  -0.0002396368024097806                       0  -0.0001608207179931325                       0                       0                       0                       0                       0                       0 
   225   0.0002150394934839885    0.001326691632141377                       0   -0.001111652138657388                       0                       0                       0                       0                       0                       0 
   226     0.00166685647462076    0.002532432280345996                       0  -0.0008655758057252359                       0                       0                       0                       0                       0                       0 
   228    0.000358434596193571    0.001436652153429894                       0   -0.001078217557236323                       0                       0                       0                       0                       0                       0 
   229    0.001759882015446179    0.002750692432883549                       0  -0.0009908104174373706                       0                       0                       0                       0                       0                       0 
   231   0.0005928591663959737    0.001627603557634283                       0    -0.00103474439123831                       0                       0                       0                       0                       0                       0 
   232    0.001954265496514538    0.002908706342336911                       0  -0.0009544408458223728                       0                       0                       0                       0                       0                       0 
   246    5.83687094997576e-05    0.001098546264632613                       0   -0.001040177555132855                       0                       0                       0                       0                       0                       0 
   247    0.001963014449485208     0.00234790771787145                       0  -0.0003848932683862415                       0                       0                       0                       0                       0                       0 
   249    0.000129994637289855    0.001524892844783952                       0   -0.001394898207494097                       0                       0                       0                       0                       0                       0 
   250    0.004155785786873438     0.00528038890178978                       0   -0.001124603114916342                       0                       0                       0                       0                       0                       0 
   252   0.0002464304256956222    0.001425393401590254                       0   -0.001178962975894632                       0                       0                       0                       0                       0                       0 
   253    0.005225649448170937    0.006330404212438277                       0    -0.00110475476426734                       0                       0                       0                       0                       0                       0 
   255   0.0002637416652793236     0.00100142907332004                       0  -0.0007376874080407164                       0                       0                       0                       0                       0                       0 
   256    0.005372406649576685    0.006052144114415983                       0  -0.0006797374648392975                       0                       0                       0                       0                       0                       0 
