#varID                   total                 dxdbVol                dxdbSurf                    dSdb                    dndb              dxdbDirect                    dVdb                distance                 options                    dvdb
   174   0.0005164554987614129  -6.462409371240545e-05                       0   0.0005810795924738183                       0                       0                       0                       0                       0                       0 
   175    -0.01198411341858012    -0.01255071095432761                       0   0.0005665975357474857                       0                       0                       0                       0                       0                       0 
   177   0.0004629265276643537   0.0005864173900993201                       0  -0.0001234908624349664                       0                       0                       0                       0                       0                       0 
   178    -0.01176582980931562    -0.01173590791300514                       0  -2.992189631047814e-05                       0                       0                       0                       0                       0                       0 
   180   0.0004863692822685172   0.0005772282554085204                       0  -9.085897314000322e-05                       0                       0                       0                       0                       0                       0 
   181   -0.008848508394139901   -0.008781609068146828                       0  -6.689932599307381e-05                       0                       0                       0                       0                       0                       0 
   183    0.000259275279192484   0.0003266689101844492                       0  -6.739363099196522e-05                       0                       0                       0                       0                       0                       0 
   184   -0.004395100892872753   -0.004352589913363055                       0  -4.251097950969837e-05                       0                       0                       0                       0                       0                       0 
   198    0.000458167850590281   5.870651843557186e-05                       0   0.0003994613321547091                       0                       0                       0                       0                       0                       0 
   199    -0.01187016121715507    -0.01225108771430582                       0   0.0003809264971507534                       0                       0                       0                       0                       0                       0 
   201   0.0005000095942612624   0.0007418541594188773                       0  -0.0002418445651576149                       0                       0                       0                       0                       0                       0 
   202    -0.01108675232131751    -0.01095334446111855                       0   -0.000133407860198961                       0                       0                       0                       0                       0                       0 
   204   0.0007874801012142177    0.001052338111151482                       0  -0.0002648580099372639                       0                       0                       0                       0                       0                       0 
   205    -0.01230720745684261    -0.01210629155853494                       0  -0.0002009158983076654                       0                       0                       0                       0                       0                       0 
   207   0.0008226649674942907    0.001196547944378934                       0  -0.0003738829768846438                       0                       0                       0                       0                       0                       0 
   208    -0.01080409815752518    -0.01048290003531546                       0  -0.0003211981222097157                       0                       0                       0                       0                       0                       0 
   222   0.0001669523940037074   0.0009940765051717339                       0  -0.0008271241111680264                       0                       0                       0                       0                       0                       0 
   223  -0.0004500416981399391  -0.0002452867120663813                       0  -0.0002047549860735578                       0                       0                       0                       0                       0                       0 
   225   0.0002124725924808144     0.00128141011901462                       0   -0.001068937526533806                       0                       0                       0                       0                       0                       0 
   226    0.001864673002374903    0.002685049526262384                       0  -0.0008203765238874816                       0                       0                       0                       0                       0                       0 
   228   0.0004254236147633651     0.00143670843540633                       0   -0.001011284820642965                       0                       0                       0                       0                       0                       0 
   229    0.002192294287511594    0.003115013313620727                       0  -0.0009227190261091335                       0                       0                       0                       0                       0                       0 
   231   0.0007170079053771967    0.001638519167473394                       0  -0.0009215112620961971                       0                       0                       0                       0                       0                       0 
   232     0.00243525867024015    0.003274333511546288                       0  -0.0008390748413061376                       0                       0                       0                       0                       0                       0 
   246   5.214455449102868e-05    0.001054041368451917                       0   -0.001001896813960889                       0                       0                       0                       0                       0                       0 
   247    0.001974475385690842    0.002333914288861656                       0  -0.0003594389031708139                       0                       0                       0                       0                       0                       0 
   249   0.0001290881925358838    0.001465306645071121                       0   -0.001336218452535237                       0                       0                       0                       0                       0                       0 
   250    0.004550919262030698    0.005602610623152858                       0    -0.00105169136112216                       0                       0                       0                       0                       0                       0 
   252   0.0002758871052066963     0.00142742967750756                       0   -0.001151542572300864                       0                       0                       0                       0                       0                       0 
   253    0.005784983393772683     0.00684837737161827                       0   -0.001063393977845587                       0                       0                       0                       0                       0                       0 
   255   0.0003079513897060639    0.001044207278820441                       0   -0.000736255889114377                       0                       0                       0                       0                       0                       0 
   256    0.005658879923129597    0.006333478590889213                       0  -0.0006745986677596159                       0                       0                       0                       0                       0                       0 
