#varID                   total                 dxdbVol                dxdbSurf                    dSdb                    dndb              dxdbDirect                    dVdb                distance                 options                    dvdb
   174   0.0001905118512514413    0.000176193877785285                       0   1.431797346615625e-05                       0                       0                       0                       0                       0                       0 
   175    -0.01274215850871622    -0.01257968448998146                       0  -0.0001624740187347638                       0                       0                       0                       0                       0                       0 
   177   0.0004815506670803628   0.0006242308034391898                       0   -0.000142680136358827                       0                       0                       0                       0                       0                       0 
   178    -0.01295072086904562    -0.01277128706597268                       0  -0.0001794338030729423                       0                       0                       0                       0                       0                       0 
   180   0.0006425638765268464   0.0005254989334858166                       0   0.0001170649430410298                       0                       0                       0                       0                       0                       0 
   181   -0.009164151114507678    -0.00926294929017959                       0   9.879817567191182e-05                       0                       0                       0                       0                       0                       0 
   183   0.0003697912006643671   0.0002761463326297268                       0   9.364486803464029e-05                       0                       0                       0                       0                       0                       0 
   184   -0.004214253177004925   -0.004321788169202232                       0   0.0001075349921973068                       0                       0                       0                       0                       0                       0 
   198   0.0001240880664404056   0.0002936391081480969                       0  -0.0001695510417076912                       0                       0                       0                       0                       0                       0 
   199    -0.01244559949967691    -0.01211658602575203                       0  -0.0003290134739248868                       0                       0                       0                       0                       0                       0 
   201    0.000522641400244944   0.0007549342662226747                       0  -0.0002322928659777308                       0                       0                       0                       0                       0                       0 
   202    -0.01208280028979546    -0.01184165419058929                       0  -0.0002411460992061651                       0                       0                       0                       0                       0                       0 
   204    0.001039755684707016    0.000951969273949987                       0   8.778641075702883e-05                       0                       0                       0                       0                       0                       0 
   205    -0.01236570008114389    -0.01246284851714574                       0   9.714843600185086e-05                       0                       0                       0                       0                       0                       0 
   207    0.001096408810711386    0.001009953848378117                       0   8.645496233326936e-05                       0                       0                       0                       0                       0                       0 
   208    -0.00978833616213003   -0.009923798300284337                       0   0.0001354621381543073                       0                       0                       0                       0                       0                       0 
   222    0.000102529618919823   0.0009692677671268813                       0  -0.0008667381482070583                       0                       0                       0                       0                       0                       0 
   223  -0.0005853930465794569   -0.000294785691803551                       0  -0.0002906073547759059                       0                       0                       0                       0                       0                       0 
   225   0.0002012918916002918    0.001182468676165863                       0  -0.0009811767845655716                       0                       0                       0                       0                       0                       0 
   226    0.002243479484604868    0.002976308729221557                       0  -0.0007328292446166894                       0                       0                       0                       0                       0                       0 
   228   0.0005411385581633112    0.001422006871320415                       0  -0.0008808683131571035                       0                       0                       0                       0                       0                       0 
   229    0.003135427202836775    0.003915783084035099                       0   -0.000780355881198324                       0                       0                       0                       0                       0                       0 
   231   0.0009027016145250117    0.001657269167747452                       0  -0.0007545675532224401                       0                       0                       0                       0                       0                       0 
   232    0.003380600837688978    0.004042884086056671                       0  -0.0006622832483676926                       0                       0                       0                       0                       0                       0 
   246   3.881167909906477e-05   0.0009766435207681397                       0  -0.0009378318416690749                       0                       0                       0                       0                       0                       0 
   247    0.001932237221464512    0.002255251225416833                       0  -0.0003230140039523206                       0                       0                       0                       0                       0                       0 
   249   0.0001168899887739197    0.001343475319416271                       0   -0.001226585330642351                       0                       0                       0                       0                       0                       0 
   250     0.00526627630776716    0.006184539358081104                       0  -0.0009182630503139438                       0                       0                       0                       0                       0                       0 
   252   0.0003325096996344762    0.001428513629370116                       0    -0.00109600392973564                       0                       0                       0                       0                       0                       0 
   253     0.00690984237463975     0.00788899620514848                       0  -0.0009791538305087301                       0                       0                       0                       0                       0                       0 
   255    0.000397058018303831    0.001129722642870292                       0   -0.000732664624566461                       0                       0                       0                       0                       0                       0 
   256    0.006228788609084351    0.006893076296046384                       0  -0.0006642876869620339                       0                       0                       0                       0                       0                       0 
