#varID                   total                 dxdbVol                dxdbSurf                    dSdb                    dndb              dxdbDirect                    dVdb                distance                 options                    dvdb
   174    0.000611665537381561  -0.0001303699812216944                       0   0.0007420355186032554                       0                       0                       0                       0                       0                       0 
   175    -0.01174391166897743    -0.01251715038628002                       0   0.0007732387173025946                       0                       0                       0                       0                       0                       0 
   177   0.0004582022920133232   0.0005648450391164291                       0  -0.0001066427471031058                       0                       0                       0                       0                       0                       0 
   178    -0.01139010763686676     -0.0114078664204341                       0   1.775878356734405e-05                       0                       0                       0                       0                       0                       0 
   180   0.0004425065239013026   0.0005824987708908538                       0  -0.0001399922469895513                       0                       0                       0                       0                       0                       0 
   181   -0.008711325094646146   -0.008609947966543255                       0  -0.0001013771281028905                       0                       0                       0                       0                       0                       0 
   183   0.0002198968038613443   0.0003369252158842489                       0  -0.0001170284120229046                       0                       0                       0                       0                       0                       0 
   184   -0.004421209238551221   -0.004335607555769617                       0  -8.560168278160444e-05                       0                       0                       0                       0                       0                       0 
   198   0.0005586022103904654   -3.64785334505441e-06                       0   0.0005622500637355198                       0                       0                       0                       0                       0                       0 
   199    -0.01169007612407155    -0.01227465699903499                       0   0.0005845808749634436                       0                       0                       0                       0                       0                       0 
   201    0.000494456092538379   0.0007272777210924957                       0  -0.0002328216285541168                       0                       0                       0                       0                       0                       0 
   202    -0.01076579351262963    -0.01066958322659742                       0  -9.621028603221711e-05                       0                       0                       0                       0                       0                       0 
   204    0.000711312261326565    0.001066777438299045                       0  -0.0003554651769724799                       0                       0                       0                       0                       0                       0 
   205    -0.01221566280392555    -0.01194587227518866                       0  -0.0002697905287368865                       0                       0                       0                       0                       0                       0 
   207   0.0007182940386545643    0.001242859902269101                       0  -0.0005245658636145369                       0                       0                       0                       0                       0                       0 
   208    -0.01105392621938586    -0.01058975508782351                       0  -0.0004641711315623515                       0                       0                       0                       0                       0                       0 
   222   0.0001865136070620582    0.001003227380735734                       0   -0.000816713773673676                       0                       0                       0                       0                       0                       0 
   223  -0.0004223255689804157  -0.0002406935016025396                       0  -0.0001816320673778761                       0                       0                       0                       0                       0                       0 
   225   0.0002141147724655313    0.001305684357867296                       0   -0.001091569585401765                       0                       0                       0                       0                       0                       0 
   226    0.001761086021201958    0.002605116503342631                       0  -0.0008440304821406728                       0                       0                       0                       0                       0                       0 
   228   0.0003909573615310531    0.001437472911582944                       0   -0.001046515550051891                       0                       0                       0                       0                       0                       0 
   229    0.001960297522523626    0.002919353164044611                       0  -0.0009590556415209856                       0                       0                       0                       0                       0                       0 
   231   0.0006549833089609684     0.00163312514410601                       0  -0.0009781418351450413                       0                       0                       0                       0                       0                       0 
   232    0.002181582162201058    0.003078841789813449                       0  -0.0008972596276123906                       0                       0                       0                       0                       0                       0 
   246    5.54965614042635e-05    0.001076942010531251                       0   -0.001021445449126987                       0                       0                       0                       0                       0                       0 
   247     0.00197148449367105    0.002343622839624116                       0  -0.0003721383459530657                       0                       0                       0                       0                       0                       0 
   249   0.0001300445655288548    0.001496776447673006                       0   -0.001366731882144151                       0                       0                       0                       0                       0                       0 
   250     0.00434615291449473    0.005435640937386051                       0   -0.001089488022891321                       0                       0                       0                       0                       0                       0 
   252   0.0002604820284224903    0.001426475870167623                       0   -0.001165993841745132                       0                       0                       0                       0                       0                       0 
   253    0.005490111701478818    0.006575327495723811                       0   -0.001085215794244993                       0                       0                       0                       0                       0                       0 
   255   0.0002846626321813328    0.001021707499476234                       0   -0.000737044867294901                       0                       0                       0                       0                       0                       0 
   256    0.005508058114711833      0.0061853671995477                       0  -0.0006773090848358669                       0                       0                       0                       0                       0                       0 
