#varID                   total                 dxdbVol                dxdbSurf                    dSdb                    dndb              dxdbDirect                    dVdb                distance                 options                    dvdb
   174  -6.128272960169174e-05   0.0003818624830217306                       0  -0.0004431452126234223                       0                       0                       0                       0                       0                       0 
   175    -0.01328507409345491    -0.01253373223281329                       0  -0.0007513418606416188                       0                       0                       0                       0                       0                       0 
   177   0.0005015720547712857   0.0006195019939450612                       0  -0.0001179299391737754                       0                       0                       0                       0                       0                       0 
   178    -0.01377900284540914    -0.01350059577289216                       0  -0.0002784070725169834                       0                       0                       0                       0                       0                       0 
   180   0.0007651999686891107   0.0004507943436752583                       0   0.0003144056250138525                       0                       0                       0                       0                       0                       0 
   181   -0.009258477947973432   -0.009531412311158758                       0   0.0002729343631853257                       0                       0                       0                       0                       0                       0 
   183   0.0004300594382636569   0.0002218118824655101                       0   0.0002082475557981468                       0                       0                       0                       0                       0                       0 
   184   -0.003994751980486441   -0.004217142790176175                       0   0.0002223908096897346                       0                       0                       0                       0                       0                       0 
   198  -0.0001262553480383256   0.0004987198247740374                       0   -0.000624975172812363                       0                       0                       0                       0                       0                       0 
   199    -0.01286916410562018    -0.01197415880794787                       0  -0.0008950052976723092                       0                       0                       0                       0                       0                       0 
   201   0.0005458062399532468     0.00072915729971829                       0  -0.0001833510597650433                       0                       0                       0                       0                       0                       0 
   202    -0.01276245744215614    -0.01246076181262641                       0  -0.0003016956295297249                       0                       0                       0                       0                       0                       0 
   204    0.001221190155150507   0.0008237540823889478                       0   0.0003974360727615591                       0                       0                       0                       0                       0                       0 
   205     -0.0121644741755296     -0.0125489422083435                       0   0.0003844680328138996                       0                       0                       0                       0                       0                       0 
   207    0.001231758837905816   0.0008411993666855959                       0   0.0003905594712202202                       0                       0                       0                       0                       0                       0 
   208   -0.008869373817630031   -0.009321043065377232                       0   0.0004516692477472005                       0                       0                       0                       0                       0                       0 
   222   5.526208418260841e-05   0.0009564859159205435                       0  -0.0009012238317379351                       0                       0                       0                       0                       0                       0 
   223  -0.0007445077840446792  -0.0003795327804616874                       0  -0.0003649750035829918                       0                       0                       0                       0                       0                       0 
   225   0.0001855547929533673    0.001085470277588374                       0  -0.0008999154846350064                       0                       0                       0                       0                       0                       0 
   226     0.00256744708430661     0.00322267698714045                       0  -0.0006552299028338392                       0                       0                       0                       0                       0                       0 
   228   0.0006293156276030916    0.001398338750534726                       0  -0.0007690231229316346                       0                       0                       0                       0                       0                       0 
   229    0.004050289427385883    0.004700651328662424                       0  -0.0006503619012765409                       0                       0                       0                       0                       0                       0 
   231    0.001028408610239066    0.001677650329457384                       0  -0.0006492417192183173                       0                       0                       0                       0                       0                       0 
   232    0.004195768573723852    0.004743075676352308                       0  -0.0005473071026284557                       0                       0                       0                       0                       0                       0 
   246   2.699374210142871e-05   0.0009170430352044375                       0  -0.0008900492931030088                       0                       0                       0                       0                       0                       0 
   247    0.001833759513015191    0.002136046869722072                       0  -0.0003022873567068812                       0                       0                       0                       0                       0                       0 
   249   9.584078100456769e-05     0.00122850158816134                       0   -0.001132660807156772                       0                       0                       0                       0                       0                       0 
   250    0.005844144274681951    0.006651347249066262                       0  -0.0008072029743843108                       0                       0                       0                       0                       0                       0 
   252    0.000382179890012709    0.001426123815431786                       0   -0.001043943925419077                       0                       0                       0                       0                       0                       0 
   253    0.007942772007386439    0.008842573849308689                       0  -0.0008998018419222501                       0                       0                       0                       0                       0                       0 
   255   0.0004799619330225652    0.001208792972604003                       0  -0.0007288310395814375                       0                       0                       0                       0                       0                       0 
   256     0.00674224296078641    0.007397270642832199                       0  -0.0006550276820457889                       0                       0                       0                       0                       0                       0 
