#varID                   total                 dxdbVol                dxdbSurf                    dSdb                    dndb              dxdbDirect                    dVdb                distance                 options                    dvdb
   174  -0.0003405320678668677   0.0006326613181678111                       0  -0.0009731933860346787                       0                       0                       0                       0                       0                       0 
   175    -0.01386644420754688    -0.01243301703269626                       0   -0.001433427174850627                       0                       0                       0                       0                       0                       0 
   177   0.0005321220470580596   0.0005817826504975146                       0  -4.966060343945494e-05                       0                       0                       0                       0                       0                       0 
   178    -0.01462180280467646    -0.01425443182553899                       0  -0.0003673709791374781                       0                       0                       0                       0                       0                       0 
   180   0.0008966795375678683   0.0003319774603171007                       0   0.0005647020772507676                       0                       0                       0                       0                       0                       0 
   181   -0.009220021174027804   -0.009728227187290304                       0   0.0005082060132624985                       0                       0                       0                       0                       0                       0 
   183   0.0004716881639810394   0.0001469277534191909                       0   0.0003247604105618485                       0                       0                       0                       0                       0                       0 
   184   -0.003686418582262474   -0.004031148964982975                       0   0.0003447303827205011                       0                       0                       0                       0                       0                       0 
   198  -0.0003985387127651087   0.0007508566769757226                       0   -0.001149395389740831                       0                       0                       0                       0                       0                       0 
   199    -0.01333946038452176    -0.01179478751538757                       0   -0.001544672869134195                       0                       0                       0                       0                       0                       0 
   201   0.0005784510801498387   0.0006649568910731411                       0   -8.65058109233024e-05                       0                       0                       0                       0                       0                       0 
   202     -0.0134363480769208    -0.01309429966871854                       0  -0.0003420484082022544                       0                       0                       0                       0                       0                       0 
   204    0.001402344963496929   0.0006321191425006162                       0   0.0007702258209963123                       0                       0                       0                       0                       0                       0 
   205    -0.01170452878522425    -0.01245602521607848                       0   0.0007514964308542349                       0                       0                       0                       0                       0                       0 
   207    0.001315987397767643    0.000634263516379831                       0   0.0006817238813878121                       0                       0                       0                       0                       0                       0 
   208    -0.00774639074215532   -0.008509271797483587                       0   0.0007628810553282674                       0                       0                       0                       0                       0                       0 
   222   5.852198807908054e-06   0.0009491313879428868                       0  -0.0009432791891349787                       0                       0                       0                       0                       0                       0 
   223  -0.0009959580060052444  -0.0005385302375559759                       0  -0.0004574277684492685                       0                       0                       0                       0                       0                       0 
   225     0.00015838504470885   0.0009505266909520199                       0  -0.0007921416462431699                       0                       0                       0                       0                       0                       0 
   226    0.002965552100812732    0.003520552064417715                       0  -0.0005549999636049829                       0                       0                       0                       0                       0                       0 
   228   0.0007274427063027049    0.001359389736292023                       0  -0.0006319470299893184                       0                       0                       0                       0                       0                       0 
   229    0.005306225695937371     0.00578936063145977                       0  -0.0004831349355223985                       0                       0                       0                       0                       0                       0 
   231    0.001161257095619525    0.001713502780021221                       0  -0.0005522456844016962                       0                       0                       0                       0                       0                       0 
   232    0.005196103160338602    0.005636175334087914                       0  -0.0004400721737493118                       0                       0                       0                       0                       0                       0 
   246   1.327436094105707e-05   0.0008509484275093302                       0  -0.0008376740665682731                       0                       0                       0                       0                       0                       0 
   247     0.00163762590136094    0.001925442528210972                       0  -0.0002878166268500312                       0                       0                       0                       0                       0                       0 
   249   5.638852664079748e-05    0.001070151685116498                       0     -0.0010137631584757                       0                       0                       0                       0                       0                       0 
   250    0.006518654007937334    0.007189785797624919                       0  -0.0006711317896875843                       0                       0                       0                       0                       0                       0 
   252   0.0004459738227967752    0.001418538647360736                       0  -0.0009725648245639613                       0                       0                       0                       0                       0                       0 
   253    0.009319660638037325     0.01011025010525611                       0  -0.0007905894672187877                       0                       0                       0                       0                       0                       0 
   255    0.000592857888627178    0.001316225374857149                       0  -0.0007233674862299706                       0                       0                       0                       0                       0                       0 
   256    0.007408947838431504    0.008052199974882808                       0  -0.0006432521364513037                       0                       0                       0                       0                       0                       0 
