#varID                   total                 dxdbVol                dxdbSurf                    dSdb                    dndb              dxdbDirect                    dVdb                distance                 options                    dvdb
   174  -0.0004900523327688811   0.0007774965655075766                       0   -0.001267548898276458                       0                       0                       0                       0                       0                       0 
   175    -0.01417556044490818    -0.01236344301730192                       0   -0.001812117427606262                       0                       0                       0                       0                       0                       0 
   177    0.000552473854515427   0.0005473517218098872                       0   5.122132705539794e-06                       0                       0                       0                       0                       0                       0 
   178    -0.01504282682272867    -0.01463851882209247                       0  -0.0004043080006361969                       0                       0                       0                       0                       0                       0 
   180   0.0009624452688292728   0.0002520910350361225                       0   0.0007103542337931503                       0                       0                       0                       0                       0                       0 
   181   -0.009139316817662932   -0.009790076589442575                       0   0.0006507597717796423                       0                       0                       0                       0                       0                       0 
   183   0.0004831561712770407   0.0001007784730003057                       0    0.000382377698276735                       0                       0                       0                       0                       0                       0 
   184   -0.003497528985742881   -0.003904442464852963                       0   0.0004069134791100816                       0                       0                       0                       0                       0                       0 
   198  -0.0005427579377898959   0.0008966731618747243                       0    -0.00143943109966462                       0                       0                       0                       0                       0                       0 
   199    -0.01359827169986757    -0.01169499785238709                       0   -0.001903273847480485                       0                       0                       0                       0                       0                       0 
   201   0.0005989372386337559   0.0006147387401616838                       0  -1.580150152792789e-05                       0                       0                       0                       0                       0                       0 
   202     -0.0137639262438393    -0.01341340949984085                       0  -0.0003505167439984416                       0                       0                       0                       0                       0                       0 
   204    0.001488241842106901   0.0005083908400183199                       0   0.0009798510020885807                       0                       0                       0                       0                       0                       0 
   205    -0.01135648533890941    -0.01232235029176049                       0   0.0009658649528510759                       0                       0                       0                       0                       0                       0 
   207    0.001335683926285663   0.0005163656798872024                       0   0.0008193182463984609                       0                       0                       0                       0                       0                       0 
   208   -0.007108150506863344   -0.008019964597911869                       0   0.0009118140910485248                       0                       0                       0                       0                       0                       0 
   222  -1.883516889520894e-05   0.0009486387294780574                       0  -0.0009674738983732663                       0                       0                       0                       0                       0                       0 
   223   -0.001171936558057275  -0.0006598415951578882                       0  -0.0005120949628993864                       0                       0                       0                       0                       0                       0 
   225   0.0001384191479588929   0.0008635157078575746                       0  -0.0007250965598986816                       0                       0                       0                       0                       0                       0 
   226    0.003197566498214995    0.003691229338467008                       0  -0.0004936628402520134                       0                       0                       0                       0                       0                       0 
   228   0.0007807696674887441    0.001332676080155736                       0  -0.0005519064126669922                       0                       0                       0                       0                       0                       0 
   229     0.00610800952532862    0.006490059300742918                       0   -0.000382049775414298                       0                       0                       0                       0                       0                       0 
   231    0.001233272766138958    0.001741101796092653                       0  -0.0005078290299536953                       0                       0                       0                       0                       0                       0 
   232    0.005778767209048808    0.006169810394803335                       0   -0.000391043185754528                       0                       0                       0                       0                       0                       0 
   246   6.224189571947211e-06    0.000815861554766299                       0  -0.0008096373651943517                       0                       0                       0                       0                       0                       0 
   247    0.001485232426426347     0.00176966570848829                       0  -0.0002844332820619432                       0                       0                       0                       0                       0                       0 
   249   2.615117214749545e-05   0.0009676383934874254                       0    -0.00094148722133993                       0                       0                       0                       0                       0                       0 
   250    0.006894604350165627    0.007485481930300833                       0  -0.0005908775801352062                       0                       0                       0                       0                       0                       0 
   252   0.0004850158809668888    0.001411494071381175                       0  -0.0009264781904142866                       0                       0                       0                       0                       0                       0 
   253     0.01018402326847886     0.01090391673668606                       0  -0.0007198934682071958                       0                       0                       0                       0                       0                       0 
   255   0.0006654122799268682    0.001385280377190462                       0  -0.0007198680972635936                       0                       0                       0                       0                       0                       0 
   256    0.007816369278675402    0.008452613880385469                       0  -0.0006362446017100658                       0                       0                       0                       0                       0                       0 
