#varID                   total                 dxdbVol                dxdbSurf                    dSdb                    dndb              dxdbDirect                    dVdb                distance                 options                    dvdb
   174   0.0007828629426355365  -0.0002446607180617433                       0     0.00102752366069728                       0                       0                       0                       0                       0                       0 
   175    -0.01127956949093098    -0.01241828878476772                       0    0.001138719293836735                       0                       0                       0                       0                       0                       0 
   177   0.0004492923499469954   0.0005117766316629092                       0  -6.248428171591373e-05                       0                       0                       0                       0                       0                       0 
   178    -0.01067003380348723    -0.01077797645021557                       0   0.0001079426467283493                       0                       0                       0                       0                       0                       0 
   180   0.0003667613966565396   0.0005799623461411787                       0  -0.0002132009494846391                       0                       0                       0                       0                       0                       0 
   181   -0.008406305101297924   -0.008260410966738326                       0  -0.0001458941345595981                       0                       0                       0                       0                       0                       0 
   183   0.0001406000759844466   0.0003498017910897951                       0  -0.0002092017151053485                       0                       0                       0                       0                       0                       0 
   184   -0.004430972155436541   -0.004270030960224586                       0  -0.0001609411952119558                       0                       0                       0                       0                       0                       0 
   198   0.0007435111704743942  -0.0001090620126726957                       0     0.00085257318314709                       0                       0                       0                       0                       0                       0 
   199    -0.01134329959966212    -0.01229152714056126                       0   0.0009482275408991429                       0                       0                       0                       0                       0                       0 
   201   0.0004848294440025589   0.0006869489845023916                       0  -0.0002021195404998326                       0                       0                       0                       0                       0                       0 
   202     -0.0101445387396205    -0.01012160635194887                       0  -2.293238767162996e-05                       0                       0                       0                       0                       0                       0 
   204   0.0005726193310963057    0.001074164972692455                       0  -0.0005015456415961494                       0                       0                       0                       0                       0                       0 
   205    -0.01195431114660814    -0.01158459010098594                       0  -0.0003697210456221932                       0                       0                       0                       0                       0                       0 
   207   0.0004977271275255141    0.001314942281809205                       0  -0.0008172151542836907                       0                       0                       0                       0                       0                       0 
   208    -0.01143556401107335     -0.0107038162408418                       0  -0.0007317477702315487                       0                       0                       0                       0                       0                       0 
   222   0.0002227481376639978    0.001022245453611491                       0  -0.0007994973159474935                       0                       0                       0                       0                       0                       0 
   223  -0.0003832115715021327  -0.0002411031485999131                       0  -0.0001421084229022196                       0                       0                       0                       0                       0                       0 
   225   0.0002153797108182642    0.001344918497522779                       0   -0.001129538786704515                       0                       0                       0                       0                       0                       0 
   226    0.001581000694724538    0.002466311919120581                       0  -0.0008853112243960433                       0                       0                       0                       0                       0                       0 
   228   0.0003277899093410905    0.001434490014813265                       0   -0.001106700105472175                       0                       0                       0                       0                       0                       0 
   229    0.001586619797189728     0.00260509927794516                       0   -0.001018479480755431                       0                       0                       0                       0                       0                       0 
   231   0.0005307148440709508    0.001621763076122133                       0   -0.001091048232051182                       0                       0                       0                       0                       0                       0 
   232    0.001751016704067821    0.002761337411402371                       0   -0.001010320707334551                       0                       0                       0                       0                       0                       0 
   246   6.080447148613314e-05    0.001118945984091501                       0   -0.001058141512605368                       0                       0                       0                       0                       0                       0 
   247    0.001950357160788401    0.002347973728248636                       0  -0.0003976165674602355                       0                       0                       0                       0                       0                       0 
   249   0.0001291646084833091    0.001550181051018424                       0   -0.001421016442535115                       0                       0                       0                       0                       0                       0 
   250     0.00397854933993413    0.005135891165978525                       0   -0.001157341826044395                       0                       0                       0                       0                       0                       0 
   252   0.0002335609848406535    0.001424249258996292                       0   -0.001190688274155638                       0                       0                       0                       0                       0                       0 
   253    0.004987299608661616    0.006109677618708825                       0   -0.001122378010047208                       0                       0                       0                       0                       0                       0 
   255   0.0002448234311267319   0.0009830358826062328                       0  -0.0007382124514795009                       0                       0                       0                       0                       0                       0 
   256    0.005249872079889356    0.005931797575651048                       0  -0.0006819254957616931                       0                       0                       0                       0                       0                       0 
