#varID                   total                 dxdbVol                dxdbSurf                    dSdb                    dndb              dxdbDirect                    dVdb                distance                 options                    dvdb
   174   0.0009945315963956084  -0.0003825876849293036                       0    0.001377119281324912                       0                       0                       0                       0                       0                       0 
   175     -0.0106181776357054    -0.01220102489940982                       0     0.00158284726370442                       0                       0                       0                       0                       0                       0 
   177    0.000434894980063032   0.0004142579396517713                       0   2.063704041126071e-05                       0                       0                       0                       0                       0                       0 
   178   -0.009668436727115282   -0.009896970530217335                       0   0.0002285338031020538                       0                       0                       0                       0                       0                       0 
   180   0.0002802165408487853   0.0005526663903969753                       0  -0.0002724498495481901                       0                       0                       0                       0                       0                       0 
   181   -0.007904056711891955   -0.007738114385170987                       0  -0.0001659423267209682                       0                       0                       0                       0                       0                       0 
   183   2.592873423213119e-05   0.0003546171349608653                       0  -0.0003286884007287341                       0                       0                       0                       0                       0                       0 
   184   -0.004360906060345399   -0.004113191151189914                       0  -0.0002477149091554848                       0                       0                       0                       0                       0                       0 
   198   0.0009825525651453986  -0.0002288453324639438                       0    0.001211397897609342                       0                       0                       0                       0                       0                       0 
   199    -0.01084989190286514    -0.01224773357917556                       0    0.001397841676310422                       0                       0                       0                       0                       0                       0 
   201    0.000471492711289024   0.0006062453077005646                       0  -0.0001347525964115407                       0                       0                       0                       0                       0                       0 
   202   -0.009268707193401133   -0.009348829648168919                       0   8.012245476778548e-05                       0                       0                       0                       0                       0                       0 
   204   0.0003991335504137167    0.001045555059537645                       0  -0.0006464215091239281                       0                       0                       0                       0                       0                       0 
   205    -0.01142523808012461    -0.01098158561741942                       0  -0.0004436524627051831                       0                       0                       0                       0                       0                       0 
   207   0.0001536493690821429     0.00138007149643334                       0   -0.001226422127351197                       0                       0                       0                       0                       0                       0 
   208    -0.01175463307175779    -0.01067323885865512                       0   -0.001081394213102676                       0                       0                       0                       0                       0                       0 
   222   0.0002701478112744716    0.001051555427386677                       0  -0.0007814076161122057                       0                       0                       0                       0                       0                       0 
   223  -0.0003502613119343334  -0.0002534623142220742                       0  -9.679899771225921e-05                       0                       0                       0                       0                       0                       0 
   225   0.0002138400509328262    0.001386652557324477                       0   -0.001172812506391651                       0                       0                       0                       0                       0                       0 
   226    0.001365458832071233    0.002301423938808226                       0  -0.0009359651067369927                       0                       0                       0                       0                       0                       0 
   228   0.0002464342615447902    0.001421992175989048                       0   -0.001175557914444258                       0                       0                       0                       0                       0                       0 
   229    0.001194794614660206    0.002276022216113079                       0   -0.001081227601452873                       0                       0                       0                       0                       0                       0 
   231   0.0003454231619702819    0.001601306365344962                       0    -0.00125588320337468                       0                       0                       0                       0                       0                       0 
   232    0.001265311306371056     0.00243320722441129                       0   -0.001167895918040235                       0                       0                       0                       0                       0                       0 
   246   6.590474532526492e-05    0.001173775929342369                       0   -0.001107871184017104                       0                       0                       0                       0                       0                       0 
   247    0.001896569524262362    0.002331598484594091                       0  -0.0004350289603317289                       0                       0                       0                       0                       0                       0 
   249   0.0001236006658059778    0.001612986785394826                       0   -0.001489386119588848                       0                       0                       0                       0                       0                       0 
   250     0.00351470981684185    0.004758430195095405                       0   -0.001243720378253555                       0                       0                       0                       0                       0                       0 
   252   0.0002007227543253868     0.00142090532746048                       0   -0.001220182573135094                       0                       0                       0                       0                       0                       0 
   253     0.00439596881126267    0.005562469899645615                       0   -0.001166501088382946                       0                       0                       0                       0                       0                       0 
   255   0.0001973441751871249   0.0009366667867585827                       0  -0.0007393226115714578                       0                       0                       0                       0                       0                       0 
   256    0.004944689408704642    0.005632087189184102                       0  -0.0006873977804794596                       0                       0                       0                       0                       0                       0 
