#varID                   total                 dxdbVol                dxdbSurf                    dSdb                    dndb              dxdbDirect                    dVdb                distance                 options                    dvdb
   174   0.0008592263387043804  -0.0002945332865020661                       0    0.001153759625206447                       0                       0                       0                       0                       0                       0 
   175    -0.01105469757230848    -0.01235436305039694                       0    0.001299665478088465                       0                       0                       0                       0                       0                       0 
   177   0.0004447497866812995   0.0004812524774973218                       0  -3.650269081602226e-05                       0                       0                       0                       0                       0                       0 
   178    -0.01032579993104157    -0.01047594962680587                       0   0.0001501496957642968                       0                       0                       0                       0                       0                       0 
   180    0.000334528368599013   0.0005734602012143588                       0  -0.0002389318326153457                       0                       0                       0                       0                       0                       0 
   181   -0.008243025505022003   -0.008085095335567361                       0  -0.0001579301694546417                       0                       0                       0                       0                       0                       0 
   183   0.0001015000608109723   0.0003530654494796334                       0  -0.0002515653886686611                       0                       0                       0                       0                       0                       0 
   184   -0.004417541958862038   -0.004224279264738944                       0   -0.000193262694123094                       0                       0                       0                       0                       0                       0 
   198   0.0008281832647833882  -0.0001534955826773941                       0   0.0009816788474607823                       0                       0                       0                       0                       0                       0 
   199     -0.0111756101060574    -0.01228564606630257                       0    0.001110035960245169                       0                       0                       0                       0                       0                       0 
   201   0.0004803764469217415    0.000662289983809733                       0  -0.0001819135368879916                       0                       0                       0                       0                       0                       0 
   202   -0.009844940486954895   -0.009857467550115684                       0   1.252706316078878e-05                       0                       0                       0                       0                       0                       0 
   204    0.000510236730455755    0.001069085533052331                       0  -0.0005588488025965765                       0                       0                       0                       0                       0                       0 
   205    -0.01179275515303171    -0.01138943695602571                       0  -0.0004033181970059982                       0                       0                       0                       0                       0                       0 
   207   0.0003838194676593361    0.001341842606734859                       0  -0.0009580231390755232                       0                       0                       0                       0                       0                       0 
   208    -0.01157291136252347     -0.0107174691191703                       0  -0.0008554422433531685                       0                       0                       0                       0                       0                       0 
   222     0.00023945207714346     0.00103196739361128                       0    -0.00079251531646782                       0                       0                       0                       0                       0                       0 
   223  -0.0003696048482946156  -0.0002442969115384608                       0  -0.0001253079367561548                       0                       0                       0                       0                       0                       0 
   225   0.0002152401097906985    0.001360770015707965                       0   -0.001145529905917266                       0                       0                       0                       0                       0                       0 
   226    0.001502645730601536    0.002406132557903931                       0  -0.0009034868273023956                       0                       0                       0                       0                       0                       0 
   228   0.0002989554401737606    0.001431202453930023                       0   -0.001132247013756263                       0                       0                       0                       0                       0                       0 
   229    0.001436746645862332    0.002479256334390445                       0   -0.001042509688528113                       0                       0                       0                       0                       0                       0 
   231   0.0004686668539602675    0.001615477797279518                       0    -0.00114681094331925                       0                       0                       0                       0                       0                       0 
   232    0.001569717360282449    0.002634368436017023                       0   -0.001064651075734574                       0                       0                       0                       0                       0                       0 
   246   6.284561678870058e-05    0.001138228799664094                       0   -0.001075383182875393                       0                       0                       0                       0                       0                       0 
   247     0.00193454147617033    0.002344784621308079                       0  -0.0004102431451377494                       0                       0                       0                       0                       0                       0 
   249   0.0001277325593011041    0.001573068719076448                       0   -0.001445336159775344                       0                       0                       0                       0                       0                       0 
   250    0.003813295522197137    0.005001259740510458                       0    -0.00118796421831332                       0                       0                       0                       0                       0                       0 
   252   0.0002217302076606357    0.001423094804980341                       0   -0.001201364597319705                       0                       0                       0                       0                       0                       0 
   253    0.004771485363292616    0.005909871232147348                       0   -0.001138385868854732                       0                       0                       0                       0                       0                       0 
   255   0.0002276084813133845   0.0009662540099653518                       0  -0.0007386455286519674                       0                       0                       0                       0                       0                       0 
   256    0.005138704127096783    0.005822614450415421                       0  -0.0006839103233186381                       0                       0                       0                       0                       0                       0 
