#varID                   total                 dxdbVol                dxdbSurf                    dSdb                    dndb              dxdbDirect                    dVdb                distance                 options                    dvdb
   174   0.0003059993979341765    8.78155455076706e-05                       0   0.0002181838524265059                       0                       0                       0                       0                       0                       0 
   175    -0.01248265657942689    -0.01258257356952214                       0   9.991699009525456e-05                       0                       0                       0                       0                       0                       0 
   177   0.0004742568079795762   0.0006167958372444046                       0  -0.0001425390292648284                       0                       0                       0                       0                       0                       0 
   178    -0.01254684323998459    -0.01241784526310912                       0   -0.000128997976875465                       0                       0                       0                       0                       0                       0 
   180   0.0005864739630235806   0.0005496700982911379                       0   3.680386473244276e-05                       0                       0                       0                       0                       0                       0 
   181   -0.009078265867861098   -0.009110278310927237                       0   3.201244306613952e-05                       0                       0                       0                       0                       0                       0 
   183   0.0003348691778106934   0.0002966864401989832                       0   3.818273761171023e-05                       0                       0                       0                       0                       0                       0 
   184   -0.004293054228463914   -0.004347285618435846                       0   5.423138997193207e-05                       0                       0                       0                       0                       0                       0 
   198   0.0002409583581157016   0.0002065164690793882                       0   3.444188903631336e-05                       0                       0                       0                       0                       0                       0 
   199     -0.0122470072654096    -0.01217214794044319                       0  -7.485932496641125e-05                       0                       0                       0                       0                       0                       0 
   201   0.0005138093522257732    0.000756489567068131                       0  -0.0002426802148423578                       0                       0                       0                       0                       0                       0 
   202    -0.01174621301736613    -0.01153966169168298                       0  -0.0002065513256831466                       0                       0                       0                       0                       0                       0 
   204    0.000952196193379846   0.0009962385179292552                       0  -4.404232454940928e-05                       0                       0                       0                       0                       0                       0 
   205    -0.01238783582316628    -0.01236908541095008                       0  -1.875041221620513e-05                       0                       0                       0                       0                       0                       0 
   207    0.001013129086145687     0.00108060830411977                       0  -6.747921797408261e-05                       0                       0                       0                       0                       0                       0 
   208    -0.01017356220555753     -0.0101531625174618                       0   -2.03996880957299e-05                       0                       0                       0                       0                       0                       0 
   222   0.0001249367792300862   0.0009769678072970916                       0  -0.0008520310280670054                       0                       0                       0                       0                       0                       0 
   223  -0.0005294562424575116   -0.000270514605278727                       0  -0.0002589416371787846                       0                       0                       0                       0                       0                       0 
   225   0.0002063095876132701    0.001220589366381079                       0   -0.001014279778767809                       0                       0                       0                       0                       0                       0 
   226    0.002104528025305191    0.002869772223864908                       0  -0.0007652441985597164                       0                       0                       0                       0                       0                       0 
   228   0.0005004456814542862    0.001429298729328143                       0  -0.0009288530478738569                       0                       0                       0                       0                       0                       0 
   229    0.002772989014950276    0.003607015685371469                       0  -0.0008340266704211928                       0                       0                       0                       0                       0                       0 
   231   0.0008407519197535582    0.001650140063411916                       0  -0.0008093881436583573                       0                       0                       0                       0                       0                       0 
   232    0.003031885859183391    0.003753039495863496                       0   -0.000721153636680105                       0                       0                       0                       0                       0                       0 
   246   4.383523342176064e-05    0.001003979542271887                       0  -0.0009601443088501262                       0                       0                       0                       0                       0                       0 
   247    0.001957138491947109    0.002291841410347371                       0  -0.0003347029184002625                       0                       0                       0                       0                       0                       0 
   249   0.0001229283394533819    0.001389559707102229                       0   -0.001266631367648847                       0                       0                       0                       0                       0                       0 
   250    0.005009382411498941    0.005975929067583506                       0  -0.0009665466560845648                       0                       0                       0                       0                       0                       0 
   252   0.0003116248848178287    0.001428578375363855                       0   -0.001116953490546026                       0                       0                       0                       0                       0                       0 
   253    0.006487839449677667    0.007498829176963383                       0   -0.001010989727285716                       0                       0                       0                       0                       0                       0 
   255   0.0003635286855472952    0.001097633081908841                       0  -0.0007341043963615463                       0                       0                       0                       0                       0                       0 
   256    0.006016132631947232    0.006684274155413544                       0  -0.0006681415234663113                       0                       0                       0                       0                       0                       0 
