#varID                   total                 dxdbVol                dxdbSurf                    dSdb                    dndb              dxdbDirect                    dVdb                distance                 options                    dvdb
   174    0.000929709217937085    -0.00034033815406409                       0    0.001270047372001175                       0                       0                       0                       0                       0                       0 
   175    -0.01083430359823753    -0.01228170427261611                       0    0.001447400674378577                       0                       0                       0                       0                       0                       0 
   177    0.000439978538168161   0.0004486259267273594                       0  -8.647388559198406e-06                       0                       0                       0                       0                       0                       0 
   178   -0.009991990038638352    -0.01018233772475148                       0   0.0001903476861131312                       0                       0                       0                       0                       0                       0 
   180   0.0003057613223961831   0.0005642063830399028                       0  -0.0002584450606437196                       0                       0                       0                       0                       0                       0 
   181   -0.008075091927559664   -0.007910743787571933                       0  -0.0001643481399877311                       0                       0                       0                       0                       0                       0 
   183   6.319478189319074e-05   0.0003545890605521294                       0  -0.0002913942786589387                       0                       0                       0                       0                       0                       0 
   184    -0.00439375448514132   -0.004171612075871411                       0  -0.0002221424092699083                       0                       0                       0                       0                       0                       0 
   198   0.0009078209347244303  -0.0001932389196037959                       0    0.001101059854328226                       0                       0                       0                       0                       0                       0 
   199    -0.01101123057089307     -0.0122708712452041                       0    0.001259640674311027                       0                       0                       0                       0                       0                       0 
   201   0.0004759672724540754   0.0006352563442603935                       0  -0.0001592890718063181                       0                       0                       0                       0                       0                       0 
   202   -0.009552967594554705   -0.009599889371374114                       0   4.692177681940959e-05                       0                       0                       0                       0                       0                       0 
   204   0.0004524471218090871    0.001059302464796519                       0  -0.0006068553429874319                       0                       0                       0                       0                       0                       0 
   205    -0.01161537855709786    -0.01118778327632288                       0  -0.0004275952807749787                       0                       0                       0                       0                       0                       0 
   207   0.0002688381699596613    0.001363379623092909                       0   -0.001094541453133247                       0                       0                       0                       0                       0                       0 
   208    -0.01167835023950769    -0.01070631561152206                       0  -0.0009720346279856279                       0                       0                       0                       0                       0                       0 
   222   0.0002552432453045461    0.001041753175178722                       0  -0.0007865099298741755                       0                       0                       0                       0                       0                       0 
   223  -0.0003588322809232656  -0.0002485784874153255                       0  -0.0001102537935079401                       0                       0                       0                       0                       0                       0 
   225   0.0002147046426381044    0.001374586262582397                       0   -0.001159881619944293                       0                       0                       0                       0                       0                       0 
   226    0.001431027417401032    0.002351340053453884                       0  -0.0009203126360528512                       0                       0                       0                       0                       0                       0 
   228    0.000271861224690761    0.001426980711403082                       0   -0.001155119486712321                       0                       0                       0                       0                       0                       0 
   229    0.001307055211373644     0.00237035954908983                       0   -0.001063304337716186                       0                       0                       0                       0                       0                       0 
   231   0.0004068536390112079    0.001608671784368552                       0   -0.001201818145357344                       0                       0                       0                       0                       0                       0 
   232    0.001408416450240092    0.002525645994600306                       0   -0.001117229544360214                       0                       0                       0                       0                       0                       0 
   246   6.453352459650716e-05    0.001156479540797736                       0   -0.001091946016201229                       0                       0                       0                       0                       0                       0 
   247    0.001916394649748943    0.002339119916038749                       0  -0.0004227252662898064                       0                       0                       0                       0                       0                       0 
   249   0.0001258407707605742     0.00159390777143693                       0   -0.001468067000676356                       0                       0                       0                       0                       0                       0 
   250    0.003658993657748167    0.004875686757985476                       0   -0.001216693100237309                       0                       0                       0                       0                       0                       0 
   252   0.0002108181632270876    0.001421970191915374                       0   -0.001211152028688286                       0                       0                       0                       0                       0                       0 
   253    0.004575214458124203    0.005728239898534438                       0   -0.001153025440410235                       0                       0                       0                       0                       0                       0 
   255   0.0002118502560825702    0.000950859315430326                       0  -0.0007390090593477559                       0                       0                       0                       0                       0                       0 
   256     0.00503740450221785    0.005723129309533647                       0  -0.0006857248073157973                       0                       0                       0                       0                       0                       0 
