#varID                   total                 dxdbVol                dxdbSurf                    dSdb                    dndb              dxdbDirect                    dVdb                distance                 options                    dvdb
   174   0.0004146119407262352   7.832761031933476e-06                       0   0.0004067791796943017                       0                       0                       0                       0                       0                       0 
   175    -0.01223016864251671    -0.01257271279362597                       0   0.0003425441511092656                       0                       0                       0                       0                       0                       0 
   177   0.0004681733071386872   0.0006039492318465062                       0   -0.000135775924707819                       0                       0                       0                       0                       0                       0 
   178    -0.01215158789334735    -0.01207261192747285                       0  -7.897596587450915e-05                       0                       0                       0                       0                       0                       0 
   180   0.0005343621184505725   0.0005665809178331591                       0  -3.221879938258659e-05                       0                       0                       0                       0                       0                       0 
   181    -0.00897187411249218   -0.008949051376761288                       0    -2.2822735730891e-05                       0                       0                       0                       0                       0                       0 
   183   0.0002978012907964678   0.0003133877915149556                       0   -1.55865007184877e-05                       0                       0                       0                       0                       0                       0 
   184   -0.004352870982448812   -0.004357014198321949                       0   4.143215873137827e-06                       0                       0                       0                       0                       0                       0 
   198   0.0003523057463129029   0.0001284903383583336                       0   0.0002238154079545693                       0                       0                       0                       0                       0                       0 
   199     -0.0120555292469232    -0.01221697526987991                       0   0.0001614460229567092                       0                       0                       0                       0                       0                       0 
   201   0.0005063680840535693   0.0007518427869223467                       0  -0.0002454747028687774                       0                       0                       0                       0                       0                       0 
   202    -0.01141383193240521    -0.01124344443217241                       0  -0.0001703875002328091                       0                       0                       0                       0                       0                       0 
   204   0.0008679084187105574    0.001029242517674863                       0  -0.0001613340989643053                       0                       0                       0                       0                       0                       0 
   205    -0.01236638063911685    -0.01224870344741006                       0  -0.0001176771917067929                       0                       0                       0                       0                       0                       0 
   207   0.0009214021795489353    0.001142642709581062                       0  -0.0002212405300321267                       0                       0                       0                       0                       0                       0 
   208    -0.01051144487905908     -0.0103384649525546                       0  -0.0001729799265044765                       0                       0                       0                       0                       0                       0 
   222   0.0001464225075404555   0.0009852848754673318                       0  -0.0008388623679268763                       0                       0                       0                       0                       0                       0 
   223  -0.0004851223146091223  -0.0002546905047534746                       0  -0.0002304318098556477                       0                       0                       0                       0                       0                       0 
   225   0.0002099432743997735    0.001253281756182393                       0    -0.00104333848178262                       0                       0                       0                       0                       0                       0 
   226    0.001978733646636518     0.00277299020597233                       0  -0.0007942565593358117                       0                       0                       0                       0                       0                       0 
   228   0.0004618978008809913    0.001434085520650352                       0  -0.0009721877197693607                       0                       0                       0                       0                       0                       0 
   229    0.002461109931700805    0.003342358572322144                       0  -0.0008812486406213392                       0                       0                       0                       0                       0                       0 
   231   0.0007789111212325252    0.001644063048875775                       0  -0.0008651519276432503                       0                       0                       0                       0                       0                       0 
   232    0.002717779958770071    0.003498017783416993                       0  -0.0007802378246469215                       0                       0                       0                       0                       0                       0 
   246   4.827014617939714e-05     0.00102975097375905                       0  -0.0009814808275796533                       0                       0                       0                       0                       0                       0 
   247    0.001970369136643368    0.002317279238318908                       0  -0.0003469101016755402                       0                       0                       0                       0                       0                       0 
   249   0.0001268381764728765    0.001429835633738777                       0   -0.001302997457265901                       0                       0                       0                       0                       0                       0 
   250    0.004771484184818113    0.005782337359786114                       0   -0.001010853174968001                       0                       0                       0                       0                       0                       0 
   252   0.0002928516661041634    0.001428168058183179                       0   -0.001135316392079015                       0                       0                       0                       0                       0                       0 
   253     0.00611545612955181    0.007154294169931617                       0   -0.001038838040379807                       0                       0                       0                       0                       0                       0 
   255   0.0003340557394939832     0.00106934364551797                       0  -0.0007352879060239868                       0                       0                       0                       0                       0                       0 
   256    0.005827287551651079    0.006498847420114066                       0  -0.0006715598684629875                       0                       0                       0                       0                       0                       0 
