#varID                   total                 dxdbVol                dxdbSurf                    dSdb                    dndb              dxdbDirect                    dVdb                distance                 options                    dvdb
   174  -8.022522098066927e-07  -0.0005450072507042304                       0   0.0005442049984944237                       0                       0                       0                       0                       0                       0 
   175  -0.0004631702740443325   0.0009356853965648514                       0   -0.001398855670609184                       0                       0                       0                       0                       0                       0 
   177   1.718608798940014e-05  -0.0003299472332473786                       0   0.0003471333212367788                       0                       0                       0                       0                       0                       0 
   178  -0.0005116731225592829  -0.0001246532218458399                       0   -0.000387019900713443                       0                       0                       0                       0                       0                       0 
   180   2.637605374241511e-05  -0.0001491297114407059                       0    0.000175505765183121                       0                       0                       0                       0                       0                       0 
   181  -0.0003676730738081199  -0.0006073719978088442                       0   0.0002396989240007243                       0                       0                       0                       0                       0                       0 
   183   2.169249648530056e-05  -2.206529160501014e-05                       0    4.37577880903107e-05                       0                       0                       0                       0                       0                       0 
   184  -0.0001946371724694508  -0.0004220507882803582                       0   0.0002274136158109075                       0                       0                       0                       0                       0                       0 
   198  -9.821283630926498e-06  -0.0006816446387069834                       0   0.0006718233550760569                       0                       0                       0                       0                       0                       0 
   199  -0.0003170081569818179    0.001706768127987499                       0   -0.002023776284969317                       0                       0                       0                       0                       0                       0 
   201   2.073886508870951e-05  -0.0003394954075293947                       0   0.0003602342726181042                       0                       0                       0                       0                       0                       0 
   202  -0.0004079911648316734   0.0001551128345215044                       0  -0.0005631039993531778                       0                       0                       0                       0                       0                       0 
   204   4.997618378130641e-05  -0.0001925486365368245                       0   0.0002425248203181309                       0                       0                       0                       0                       0                       0 
   205  -0.0004333302830048463  -0.0007466413882223888                       0   0.0003133111052175425                       0                       0                       0                       0                       0                       0 
   207   6.425212300120832e-05  -5.581433756236348e-05                       0   0.0001200664605635718                       0                       0                       0                       0                       0                       0 
   208  -0.0004282429123320488  -0.0008708880515813711                       0   0.0004426451392493223                       0                       0                       0                       0                       0                       0 
   222  -1.114511924888459e-05  -0.0007378027888491132                       0   0.0007266576696002286                       0                       0                       0                       0                       0                       0 
   223   0.0007406865749305918    0.003847186644018456                       0   -0.003106500069087865                       0                       0                       0                       0                       0                       0 
   225  -3.355074513299852e-06  -0.0002264401058279964                       0   0.0002230850313146965                       0                       0                       0                       0                       0                       0 
   226   0.0004529808600299413    0.002208704560128784                       0   -0.001755723700098842                       0                       0                       0                       0                       0                       0 
   228   1.421253813826319e-05  -0.0001429400441473935                       0   0.0001571525822856567                       0                       0                       0                       0                       0                       0 
   229   0.0005168063592061658    0.001456433685417329                       0  -0.0009396273262111631                       0                       0                       0                       0                       0                       0 
   231   4.366791951986138e-05  -0.0001316933358909624                       0   0.0001753612554108238                       0                       0                       0                       0                       0                       0 
   232   0.0004880453298259225    0.001171079048096778                       0  -0.0006830337182708555                       0                       0                       0                       0                       0                       0 
   246  -4.953280771631671e-06  -0.0006030173815329208                       0   0.0005980641007612891                       0                       0                       0                       0                       0                       0 
   247   0.0008029289891071205    0.003787304991163245                       0   -0.002984376002056124                       0                       0                       0                       0                       0                       0 
   249  -1.392192567029445e-05  -0.0002121052864828102                       0   0.0001981833608125158                       0                       0                       0                       0                       0                       0 
   250   0.0006989217270434037     0.00280478238598895                       0   -0.002105860658945546                       0                       0                       0                       0                       0                       0 
   252  -2.082229799744539e-06  -0.0001311383119463711                       0   0.0001290560821466266                       0                       0                       0                       0                       0                       0 
   253    0.000750557162780335    0.002001865711629274                       0   -0.001251308548848939                       0                       0                       0                       0                       0                       0 
   255   1.353904596839219e-05  -0.0001018562330339284                       0   0.0001153952790023206                       0                       0                       0                       0                       0                       0 
   256   0.0006214660712623917    0.001396520477554305                       0  -0.0007750544062919128                       0                       0                       0                       0                       0                       0 
