#varID                   total                 dxdbVol                dxdbSurf                    dSdb                    dndb              dxdbDirect                    dVdb                distance                 options                    dvdb
   174   -2.22860426883284e-06   -0.000549262074468433                       0   0.0005470334701996001                       0                       0                       0                       0                       0                       0 
   175   -0.000478943881707527    0.001036315151483264                       0   -0.001515259033190791                       0                       0                       0                       0                       0                       0 
   177   1.798891253763262e-05  -0.0003466875133730393                       0   0.0003646764259106719                       0                       0                       0                       0                       0                       0 
   178  -0.0005372080936744851  -0.0001033340144223015                       0  -0.0004338740792521835                       0                       0                       0                       0                       0                       0 
   180   2.887500082667622e-05  -0.0001545366770186022                       0   0.0001834116778452784                       0                       0                       0                       0                       0                       0 
   181  -0.0003833408973021317  -0.0006512127144560896                       0   0.0002678718171539579                       0                       0                       0                       0                       0                       0 
   183   2.235634180415285e-05  -2.279622163003159e-05                       0   4.515256343418444e-05                       0                       0                       0                       0                       0                       0 
   184   -0.000198175422478067  -0.0004487657160178795                       0   0.0002505902935398124                       0                       0                       0                       0                       0                       0 
   198  -1.128206698665694e-05  -0.0006826681137469541                       0   0.0006713860467602972                       0                       0                       0                       0                       0                       0 
   199  -0.0003255418270882511    0.001793878997664952                       0   -0.002119420824753203                       0                       0                       0                       0                       0                       0 
   201   2.210269698468684e-05  -0.0003555765433809069                       0   0.0003776792403655938                       0                       0                       0                       0                       0                       0 
   202  -0.0004273176831510995   0.0001712116498610821                       0  -0.0005985293330121816                       0                       0                       0                       0                       0                       0 
   204   5.359593457766488e-05  -0.0002001404040249227                       0   0.0002537363386025876                       0                       0                       0                       0                       0                       0 
   205  -0.0004498074670752597   -0.000811687752938636                       0   0.0003618802858633763                       0                       0                       0                       0                       0                       0 
   207   6.689793079312311e-05  -5.678777576041585e-05                       0    0.000123685706553539                       0                       0                       0                       0                       0                       0 
   208   -0.000432483876714142  -0.0009355594783757634                       0   0.0005030756016616213                       0                       0                       0                       0                       0                       0 
   222   -1.43106129666731e-05  -0.0007351208620455061                       0    0.000720810249078833                       0                       0                       0                       0                       0                       0 
   223   0.0007757860669956569    0.003824444619883822                       0   -0.003048658552888165                       0                       0                       0                       0                       0                       0 
   225  -3.455182889173288e-06  -0.0002383476724536906                       0   0.0002348924895645173                       0                       0                       0                       0                       0                       0 
   226   0.0004988872210093199    0.002238851066205238                       0   -0.001739963845195918                       0                       0                       0                       0                       0                       0 
   228   1.647793732158643e-05  -0.0001538731635703436                       0   0.0001703511008919301                       0                       0                       0                       0                       0                       0 
   229   0.0005570576209743683    0.001487565144449682                       0  -0.0009305075234753139                       0                       0                       0                       0                       0                       0 
   231   4.769678191830231e-05  -0.0001415885578241865                       0   0.0001892853397424888                       0                       0                       0                       0                       0                       0 
   232   0.0004989472612929827    0.001186422159377458                       0  -0.0006874748980844755                       0                       0                       0                       0                       0                       0 
   246  -8.601069734672146e-06  -0.0006047118861907148                       0   0.0005961108164560427                       0                       0                       0                       0                       0                       0 
   247   0.0008473968481992216    0.003760396788043472                       0    -0.00291299993984425                       0                       0                       0                       0                       0                       0 
   249  -1.407364198896367e-05  -0.0002246632685940407                       0    0.000210589626605077                       0                       0                       0                       0                       0                       0 
   250   0.0007581436065487788    0.002840066839627776                       0   -0.002081923233078997                       0                       0                       0                       0                       0                       0 
   252  -4.038115093969285e-07  -0.0001421086253320294                       0   0.0001417048138226324                       0                       0                       0                       0                       0                       0 
   253    0.000803703159057258    0.002056295667314714                       0   -0.001252592508257456                       0                       0                       0                       0                       0                       0 
   255   1.648820709254806e-05   -0.000112188262039147                       0    0.000128676469131695                       0                       0                       0                       0                       0                       0 
   256   0.0006374357948452691    0.001434393923970505                       0  -0.0007969581291252355                       0                       0                       0                       0                       0                       0 
