#varID                   total                 dxdbVol                dxdbSurf                    dSdb                    dndb              dxdbDirect                    dVdb                distance                 options                    dvdb
   174  -3.719907661603765e-06  -0.0005534261088151977                       0    0.000549706201153594                       0                       0                       0                       0                       0                       0 
   175  -0.0004957159806789977    0.001142126265579759                       0   -0.001637842246258756                       0                       0                       0                       0                       0                       0 
   177   1.887311138429261e-05  -0.0003643896508157915                       0   0.0003832627622000841                       0                       0                       0                       0                       0                       0 
   178   -0.000565163106580883  -8.145306640805773e-05                       0  -0.0004837100401728253                       0                       0                       0                       0                       0                       0 
   180   3.155634741633503e-05  -0.0001602632774222368                       0   0.0001918196248385719                       0                       0                       0                       0                       0                       0 
   181  -0.0003998473421495112   -0.000698867950819451                       0   0.0002990206086699397                       0                       0                       0                       0                       0                       0 
   183   2.307309640335973e-05  -2.334821134700773e-05                       0   4.642130775036746e-05                       0                       0                       0                       0                       0                       0 
   184  -0.0002016290578379242  -0.0004767188247559452                       0    0.000275089766918021                       0                       0                       0                       0                       0                       0 
   198  -1.293647398501537e-05  -0.0006834092486435715                       0   0.0006704727746585561                       0                       0                       0                       0                       0                       0 
   199  -0.0003343658113169232    0.001884193519319913                       0   -0.002218559330636836                       0                       0                       0                       0                       0                       0 
   201    2.35646672715387e-05  -0.0003727290354175791                       0   0.0003962937026891178                       0                       0                       0                       0                       0                       0 
   202  -0.0004479311690867314   0.0001877114957667744                       0  -0.0006356426648535058                       0                       0                       0                       0                       0                       0 
   204   5.753335846033972e-05  -0.0002081077537723727                       0   0.0002656411122327124                       0                       0                       0                       0                       0                       0 
   205  -0.0004666516924835318   -0.000881173072859029                       0   0.0004145213803754972                       0                       0                       0                       0                       0                       0 
   207   6.959981409420522e-05  -5.731102859054658e-05                       0   0.0001269108426847518                       0                       0                       0                       0                       0                       0 
   208  -0.0004368024674751431   -0.001002241118613566                       0   0.0005654386511384225                       0                       0                       0                       0                       0                       0 
   222  -1.819148028381551e-05  -0.0007314980952746944                       0   0.0007133066149908789                       0                       0                       0                       0                       0                       0 
   223   0.0008146058228619443    0.003793075129606173                       0   -0.002978469306744229                       0                       0                       0                       0                       0                       0 
   225  -3.667040952557267e-06  -0.0002519356249490513                       0   0.0002482685839964941                       0                       0                       0                       0                       0                       0 
   226   0.0005513705365415887    0.002272174834851369                       0    -0.00172080429830978                       0                       0                       0                       0                       0                       0 
   228    1.92094504988968e-05  -0.0001663434950058251                       0   0.0001855529455047219                       0                       0                       0                       0                       0                       0 
   229   0.0006009302632151781    0.001524863027182834                       0  -0.0009239327639676556                       0                       0                       0                       0                       0                       0 
   231   5.191585771386768e-05  -0.0001517584484408172                       0   0.0002036743061546849                       0                       0                       0                       0                       0                       0 
   232   0.0005077191191647837    0.001203225288162628                       0  -0.0006955061689978446                       0                       0                       0                       0                       0                       0 
   246  -1.303129414733696e-05  -0.0006058813566506128                       0   0.0005928500625032758                       0                       0                       0                       0                       0                       0 
   247   0.0008971143482637534    0.003724742584170261                       0   -0.002827628235906508                       0                       0                       0                       0                       0                       0 
   249  -1.437748486427003e-05  -0.0002392847961506576                       0   0.0002249073112863875                       0                       0                       0                       0                       0                       0 
   250    0.000826118285003642    0.002879939686238033                       0   -0.002053821401234391                       0                       0                       0                       0                       0                       0 
   252   1.739763518159021e-06  -0.0001549757225194797                       0   0.0001567154860376387                       0                       0                       0                       0                       0                       0 
   253   0.0008618115295175937    0.002119553843421197                       0   -0.001257742313903603                       0                       0                       0                       0                       0                       0 
   255   1.974527546599479e-05  -0.0001230930269612746                       0   0.0001428383024272694                       0                       0                       0                       0                       0                       0 
   256    0.000652066145879251    0.001475127949082936                       0   -0.000823061803203685                       0                       0                       0                       0                       0                       0 
