#varID                   total                 dxdbVol                dxdbSurf                    dSdb                    dndb              dxdbDirect                    dVdb                distance                 options                    dvdb
   174  -1.224045335731388e-05   -0.000571740894218088                       0   0.0005595004408607741                       0                       0                       0                       0                       0                       0 
   175  -0.0005983823654251651    0.001760519964125561                       0   -0.002358902329550727                       0                       0                       0                       0                       0                       0 
   177   2.487194228051424e-05  -0.0004704081863737105                       0   0.0004952801286542247                       0                       0                       0                       0                       0                       0 
   178  -0.0007525191572240397   3.117674745531958e-05                       0  -0.0007836959046793593                       0                       0                       0                       0                       0                       0 
   180   4.837960793133906e-05  -0.0001929309580206878                       0   0.0002413105659520269                       0                       0                       0                       0                       0                       0 
   181  -0.0004964293394974754   -0.001006596427076069                       0   0.0005101670875785931                       0                       0                       0                       0                       0                       0 
   183   2.750394238914814e-05  -2.253145909517557e-05                       0   5.003540148432371e-05                       0                       0                       0                       0                       0                       0 
   184  -0.0002177689915400986   -0.000634340859792823                       0   0.0004165718682527245                       0                       0                       0                       0                       0                       0 
   198  -2.541044151637469e-05  -0.0006802268831282354                       0   0.0006548164416118607                       0                       0                       0                       0                       0                       0 
   199  -0.0003808360560767937    0.002381390576332495                       0   -0.002762226632409289                       0                       0                       0                       0                       0                       0 
   201   3.269725951568719e-05  -0.0004793725458637213                       0   0.0005120698053794085                       0                       0                       0                       0                       0                       0 
   202  -0.0005697620701163989   0.0002756988135104508                       0  -0.0008454608836268498                       0                       0                       0                       0                       0                       0 
   204   8.322290937635914e-05  -0.0002530247306896726                       0   0.0003362476400660318                       0                       0                       0                       0                       0                       0 
   205   -0.000557990954890641   -0.001300926665705937                       0    0.000742935710815296                       0                       0                       0                       0                       0                       0 
   207   8.309342199145466e-05  -5.136969097994976e-05                       0   0.0001344631129714044                       0                       0                       0                       0                       0                       0 
   208  -0.0004683468866973919    -0.00136929577465818                       0   0.0009009488879607882                       0                       0                       0                       0                       0                       0 
   222  -5.598654411191248e-05  -0.0006892107896980185                       0    0.000633224245586106                       0                       0                       0                       0                       0                       0 
   223    0.001101918658079404    0.003427473531283593                       0   -0.002325554873204189                       0                       0                       0                       0                       0                       0 
   225  -7.535646328622378e-06  -0.0003636978151762723                       0   0.0003561621688476499                       0                       0                       0                       0                       0                       0 
   226   0.0009875512083660982    0.002533196772046848                       0    -0.00154564556368075                       0                       0                       0                       0                       0                       0 
   228   4.487073045559133e-05  -0.0002628033394518452                       0   0.0003076740699074365                       0                       0                       0                       0                       0                       0 
   229   0.0008751464094473159    0.001859517739938895                       0  -0.0009843713304915787                       0                       0                       0                       0                       0                       0 
   231    7.22420219911901e-05  -0.0002022931723056767                       0   0.0002745351942968667                       0                       0                       0                       0                       0                       0 
   232   0.0004703988191326315    0.001274814626135782                       0  -0.0008044158070031501                       0                       0                       0                       0                       0                       0 
   246  -5.563887043039735e-05  -0.0005959268954686802                       0   0.0005402880250382828                       0                       0                       0                       0                       0                       0 
   247    0.001277934264626169    0.003336610424196392                       0   -0.002058676159570224                       0                       0                       0                       0                       0                       0 
   249  -1.976209119131019e-05  -0.0003680797955489015                       0   0.0003483177043575913                       0                       0                       0                       0                       0                       0 
   250     0.00139813832878648    0.003217099247157942                       0   -0.001818960918371462                       0                       0                       0                       0                       0                       0 
   252   2.587981397290186e-05  -0.0002633436341968153                       0   0.0002892234481697171                       0                       0                       0                       0                       0                       0 
   253    0.001235477109964053    0.002645830165569343                       0   -0.001410353055605289                       0                       0                       0                       0                       0                       0 
   255   3.877446688580995e-05  -0.0001829894525623496                       0   0.0002217639194481595                       0                       0                       0                       0                       0                       0 
   256   0.0006614989273081855    0.001699584673828215                       0   -0.001038085746520029                       0                       0                       0                       0                       0                       0 
