#varID                   total                 dxdbVol                dxdbSurf                    dSdb                    dndb              dxdbDirect                    dVdb                distance                 options                    dvdb
   174   1.866627760639585e-06  -0.0005363141824009381                       0   0.0005381808101615777                       0                       0                       0                       0                       0                       0 
   175  -0.0004342608520577844   0.0007486259453760566                       0   -0.001182886797433841                       0                       0                       0                       0                       0                       0 
   177   1.579115501233318e-05  -0.0002990196609213973                       0   0.0003148108159337305                       0                       0                       0                       0                       0                       0 
   178   -0.000466853871514266  -0.0001653142690719057                       0  -0.0003015396024423603                       0                       0                       0                       0                       0                       0 
   180   2.185962806893458e-05  -0.0001392768958483093                       0   0.0001611365239172439                       0                       0                       0                       0                       0                       0 
   181  -0.0003387162753973841  -0.0005297820293395677                       0   0.0001910657539421836                       0                       0                       0                       0                       0                       0 
   183   2.051876014427723e-05  -2.016593647553638e-05                       0   4.068469661981361e-05                       0                       0                       0                       0                       0                       0 
   184  -0.0001873586524057659  -0.0003722776897808831                       0   0.0001849190373751173                       0                       0                       0                       0                       0                       0 
   198  -7.388138797141414e-06  -0.0006789352141860184                       0    0.000671547075388877                       0                       0                       0                       0                       0                       0 
   199  -0.0003008214779583766    0.001541842313771052                       0   -0.001842663791729429                       0                       0                       0                       0                       0                       0 
   201   1.826938066556017e-05  -0.0003101268224297513                       0   0.0003283962030953115                       0                       0                       0                       0                       0                       0 
   202  -0.0003729276947799962   0.0001242860036640058                       0  -0.0004972136984440021                       0                       0                       0                       0                       0                       0 
   204   4.357693620835951e-05  -0.0001784968946292163                       0   0.0002220738308375758                       0                       0                       0                       0                       0                       0 
   205  -0.0004015218290638146  -0.0006288450782617594                       0   0.0002273232491979448                       0                       0                       0                       0                       0                       0 
   207   5.917761346247864e-05  -5.272104407517888e-05                       0   0.0001118986575376575                       0                       0                       0                       0                       0                       0 
   208  -0.0004196346871999146  -0.0007475020646630745                       0   0.0003278673774631599                       0                       0                       0                       0                       0                       0 
   222  -6.487747460177202e-06   -0.000740995334142541                       0   0.0007345075866823638                       0                       0                       0                       0                       0                       0 
   223    0.000679542258174304    0.003872279953681083                       0   -0.003192737695506779                       0                       0                       0                       0                       0                       0 
   225  -3.395217362603235e-06   -0.000206566932599811                       0   0.0002031717152372078                       0                       0                       0                       0                       0                       0 
   226   0.0003765962848883992    0.002155746389756056                       0   -0.001779150104867657                       0                       0                       0                       0                       0                       0 
   228   1.074515837000065e-05  -0.0001248411595663778                       0   0.0001355863179363784                       0                       0                       0                       0                       0                       0 
   229   0.0004461318222816435    0.001408592340435975                       0   -0.000962460518154331                       0                       0                       0                       0                       0                       0 
   231   3.627474806207235e-05  -0.0001129133688007936                       0   0.0001491881168628659                       0                       0                       0                       0                       0                       0 
   232   0.0004625210870338915    0.001145583859497567                       0  -0.0006830627724636755                       0                       0                       0                       0                       0                       0 
   246    5.22056770348384e-07  -0.0005985405758801844                       0   0.0005990626326505328                       0                       0                       0                       0                       0                       0 
   247   0.0007267047894333359    0.003820436341376514                       0   -0.003093731551943178                       0                       0                       0                       0                       0                       0 
   249  -1.394253578851194e-05  -0.0001917536271141234                       0   0.0001778110913256115                       0                       0                       0                       0                       0                       0 
   250   0.0006009555825207025    0.002744630897656522                       0    -0.00214367531513582                       0                       0                       0                       0                       0                       0 
   252  -4.435688053124574e-06  -0.0001137357450897581                       0   0.0001093000570366335                       0                       0                       0                       0                       0                       0 
   253    0.000657444240673841    0.001913935492990335                       0   -0.001256491252316494                       0                       0                       0                       0                       0                       0 
   255    8.52962514218052e-06  -8.296355765397202e-05                       0   9.149318279615254e-05                       0                       0                       0                       0                       0                       0 
   256   0.0005877185472620586    0.001329382342109496                       0  -0.0007416637948474376                       0                       0                       0                       0                       0                       0 
