#varID                   total                 dxdbVol                dxdbSurf                    dSdb                    dndb              dxdbDirect                    dVdb                distance                 options                    dvdb
   174  -8.610276337082815e-06  -0.0005650817631856381                       0   0.0005564714868485553                       0                       0                       0                       0                       0                       0 
   175  -0.0005530921666787884    0.001494126925147553                       0   -0.002047219091826342                       0                       0                       0                       0                       0                       0 
   177   2.211477844197754e-05  -0.0004241725027781913                       0   0.0004462872812201688                       0                       0                       0                       0                       0                       0 
   178  -0.0006666268317724038  -1.373102460196259e-05                       0  -0.0006528958071704412                       0                       0                       0                       0                       0                       0 
   180   4.088370035909436e-05  -0.0001792109861509943                       0   0.0002200946865100887                       0                       0                       0                       0                       0                       0 
   181   -0.000454774272286221  -0.0008683149741463428                       0   0.0004135407018601218                       0                       0                       0                       0                       0                       0 
   183   2.555252120316361e-05  -2.366540796977723e-05                       0   4.921792917294085e-05                       0                       0                       0                       0                       0                       0 
   184  -0.0002114495197562718  -0.0005679022117318572                       0   0.0003564526919755854                       0                       0                       0                       0                       0                       0 
   198  -1.938546359423583e-05   -0.000683278910891904                       0   0.0006638934472976681                       0                       0                       0                       0                       0                       0 
   199  -0.0003622482458991005    0.002174275294237942                       0   -0.002536523540137043                       0                       0                       0                       0                       0                       0 
   201   2.864108887577608e-05  -0.0004319096085204411                       0   0.0004605506973962172                       0                       0                       0                       0                       0                       0 
   202  -0.0005177202466423126   0.0002392516990344117                       0  -0.0007569719456767244                       0                       0                       0                       0                       0                       0 
   204   7.158829667302871e-05  -0.0002341450873170489                       0   0.0003057333839900776                       0                       0                       0                       0                       0                       0 
   205  -0.0005195610453632459   -0.001118280928379249                       0   0.0005987198830160036                       0                       0                       0                       0                       0                       0 
   207   7.783493008639524e-05  -5.564434178619835e-05                       0   0.0001334792718725936                       0                       0                       0                       0                       0                       0 
   208  -0.0004521666767035823   -0.001214946102845202                       0   0.0007627794261416198                       0                       0                       0                       0                       0                       0 
   222  -3.596004063698166e-05  -0.0007125098217031469                       0   0.0006765497810661652                       0                       0                       0                       0                       0                       0 
   223   0.0009620343599428018    0.003627373254706176                       0   -0.002665338894763374                       0                       0                       0                       0                       0                       0 
   225  -5.286546391574417e-06  -0.0003071882819451042                       0   0.0003019017355535297                       0                       0                       0                       0                       0                       0 
   226   0.0007658789323275546    0.002401481282199455                       0     -0.0016356023498719                       0                       0                       0                       0                       0                       0 
   228   3.146315625226489e-05  -0.0002158535259605833                       0   0.0002473166822128482                       0                       0                       0                       0                       0                       0 
   229   0.0007556758566792898    0.001688197756766213                       0  -0.0009325219000869232                       0                       0                       0                       0                       0                       0 
   231   6.498960248411452e-05  -0.0001829167919683725                       0    0.000247906394452487                       0                       0                       0                       0                       0                       0 
   232   0.0005097008686133903    0.001255617298400964                       0  -0.0007459164297875735                       0                       0                       0                       0                       0                       0 
   246  -3.308828186601319e-05  -0.0006043018566534384                       0   0.0005712135747874252                       0                       0                       0                       0                       0                       0 
   247    0.001090177095068556    0.003545482326816052                       0   -0.002455305231747496                       0                       0                       0                       0                       0                       0 
   249  -1.664264417912013e-05  -0.0003013494640278684                       0   0.0002847068198487483                       0                       0                       0                       0                       0                       0 
   250    0.001106210097678582    0.003042417636010074                       0   -0.001936207538331492                       0                       0                       0                       0                       0                       0 
   252   1.253706914104133e-05  -0.0002089762681540089                       0   0.0002215133372950502                       0                       0                       0                       0                       0                       0 
   253    0.001069518136921862    0.002382197071112055                       0   -0.001312678934190193                       0                       0                       0                       0                       0                       0 
   255   3.109662616887493e-05  -0.0001586026513301752                       0   0.0001896992774990501                       0                       0                       0                       0                       0                       0 
   256   0.0006778723902292298    0.001610744304778457                       0  -0.0009328719145492269                       0                       0                       0                       0                       0                       0 
