#varID                   total                 dxdbVol                dxdbSurf                    dSdb                    dndb              dxdbDirect                    dVdb                distance                 options                    dvdb
   174  -1.617705738246231e-05  -0.0005768283408055385                       0   0.0005606512834230761                       0                       0                       0                       0                       0                       0 
   175   -0.000650022054589802    0.002052298586032594                       0   -0.002702320640622396                       0                       0                       0                       0                       0                       0 
   177   2.814918943496174e-05   -0.000521892314905755                       0   0.0005500415043407168                       0                       0                       0                       0                       0                       0 
   178  -0.0008563965594873811    7.35177116843006e-05                       0  -0.0009299142711716817                       0                       0                       0                       0                       0                       0 
   180     5.7097473659507e-05  -0.0002067809050736333                       0   0.0002638783787331403                       0                       0                       0                       0                       0                       0 
   181  -0.0005432106854486696   -0.001166256580810635                       0    0.000623045895361965                       0                       0                       0                       0                       0                       0 
   183   2.977363341430106e-05   -2.02960629318871e-05                       0   5.006969634618816e-05                       0                       0                       0                       0                       0                       0 
   184   -0.000224774198774856  -0.0007044712254077608                       0   0.0004796970266329049                       0                       0                       0                       0                       0                       0 
   198  -3.362164244816233e-05  -0.0006731578343619145                       0   0.0006395361919137522                       0                       0                       0                       0                       0                       0 
   199   -0.000395783301278626    0.002591785947768442                       0   -0.002987569249047068                       0                       0                       0                       0                       0                       0 
   201   3.731765341729275e-05  -0.0005349947584565556                       0   0.0005723124118738483                       0                       0                       0                       0                       0                       0 
   202  -0.0006212560907020374   0.0003173840265011289                       0  -0.0009386401172031663                       0                       0                       0                       0                       0                       0 
   204    9.70606790336545e-05  -0.0002727176523699576                       0   0.0003697783314036121                       0                       0                       0                       0                       0                       0 
   205  -0.0006033188905870428   -0.001501327885595866                       0   0.0008980089950088227                       0                       0                       0                       0                       0                       0 
   207   8.762693026438543e-05  -4.447743618189024e-05                       0   0.0001321043664462757                       0                       0                       0                       0                       0                       0 
   208   -0.000497032414628795   -0.001539821795101097                       0    0.001042789380472302                       0                       0                       0                       0                       0                       0 
   222  -8.827766081781019e-05  -0.0006513296896231646                       0   0.0005630520288053545                       0                       0                       0                       0                       0                       0 
   223    0.001308007315039698    0.003109959692604616                       0   -0.001801952377564917                       0                       0                       0                       0                       0                       0 
   225  -1.086480921015534e-05  -0.0004501567972638115                       0   0.0004392919880536561                       0                       0                       0                       0                       0                       0 
   226    0.001332625143903825    0.002749286623559279                       0   -0.001416661479655454                       0                       0                       0                       0                       0                       0 
   228   6.469563655675173e-05  -0.0003255387753769166                       0   0.0003902344119336684                       0                       0                       0                       0                       0                       0 
   229   0.0009900696993645156    0.002100935033558032                       0   -0.001110865334193517                       0                       0                       0                       0                       0                       0 
   231   7.401261320005872e-05   -0.000217046609323571                       0   0.0002910592225236297                       0                       0                       0                       0                       0                       0 
   232   0.0003623496518968766    0.001239282266460847                       0  -0.0008769326145639702                       0                       0                       0                       0                       0                       0 
   246   -9.23311296086493e-05   -0.000577085861271514                       0   0.0004847547316628647                       0                       0                       0                       0                       0                       0 
   247    0.001558963516240085    0.003013061249802062                       0   -0.001454097733561977                       0                       0                       0                       0                       0                       0 
   249  -2.423741415201062e-05  -0.0004743214015635198                       0   0.0004500839874115092                       0                       0                       0                       0                       0                       0 
   250    0.001854506828995663    0.003512484839444923                       0    -0.00165797801044926                       0                       0                       0                       0                       0                       0 
   252   4.765092426154067e-05  -0.0003392748338874665                       0   0.0003869257581490072                       0                       0                       0                       0                       0                       0 
   253    0.001407458836959141    0.003012221842963443                       0   -0.001604763006004302                       0                       0                       0                       0                       0                       0 
   255   4.282316241823077e-05   -0.000204531301791928                       0   0.0002473544642101588                       0                       0                       0                       0                       0                       0 
   256   0.0005836634800885632    0.001751595580106751                       0   -0.001167932100018188                       0                       0                       0                       0                       0                       0 
