#varID                   total                 dxdbVol                dxdbSurf                    dSdb                    dndb              dxdbDirect                    dVdb                distance                 options                    dvdb
   174  -5.278894572104923e-06  -0.0005574727085520842                       0   0.0005521938139799793                       0                       0                       0                       0                       0                       0 
   175  -0.0005135889537116929    0.001253469788810945                       0   -0.001767058742522638                       0                       0                       0                       0                       0                       0 
   177   1.984835605495401e-05   -0.000383143568117615                       0    0.000402991924172569                       0                       0                       0                       0                       0                       0 
   178  -0.0005958297462097642  -5.912091016568478e-05                       0  -0.0005367088360440795                       0                       0                       0                       0                       0                       0 
   180   3.443832581750682e-05  -0.0001662998940607808                       0   0.0002007382198782876                       0                       0                       0                       0                       0                       0 
   181  -0.0004172279796428819  -0.0007506967002343608                       0   0.0003334687205914789                       0                       0                       0                       0                       0                       0 
   183   2.384382592847302e-05   -2.36947064701742e-05                       0   4.753853239864722e-05                       0                       0                       0                       0                       0                       0 
   184   -0.000204990243076471  -0.0005059083553079946                       0   0.0003009181122315237                       0                       0                       0                       0                       0                       0 
   198  -1.481344650686124e-05  -0.0006838094355235364                       0   0.0006689959890166751                       0                       0                       0                       0                       0                       0 
   199  -0.0003434611735996574    0.001977742004240207                       0   -0.002321203177839864                       0                       0                       0                       0                       0                       0 
   201   2.513476942324702e-05  -0.0003910747614087507                       0   0.0004162095308319977                       0                       0                       0                       0                       0                       0 
   202  -0.0004698764249959111   0.0002045680355037495                       0  -0.0006744444604996606                       0                       0                       0                       0                       0                       0 
   204   6.182041864477824e-05  -0.0002164424556031684                       0   0.0002782628742479466                       0                       0                       0                       0                       0                       0 
   205   -0.000483865109371497  -0.0009553245167668223                       0   0.0004714594073953252                       0                       0                       0                       0                       0                       0 
   207   7.234011646436627e-05  -5.733032829784093e-05                       0   0.0001296704447622072                       0                       0                       0                       0                       0                       0 
   208  -0.0004413517360458173   -0.001070970849295308                       0   0.0006296191132494905                       0                       0                       0                       0                       0                       0 
   222  -2.294585169600942e-05  -0.0007267182189111914                       0    0.000703772367215182                       0                       0                       0                       0                       0                       0 
   223   0.0008578736051239877    0.003751316990578639                       0   -0.002893443385454652                       0                       0                       0                       0                       0                       0 
   225  -4.019962512128339e-06  -0.0002675797579630803                       0   0.0002635597954509519                       0                       0                       0                       0                       0                       0 
   226   0.0006119202292777025     0.00230950253696981                       0   -0.001697582307692107                       0                       0                       0                       0                       0                       0 
   228   2.251834668666705e-05  -0.0001806130012064516                       0   0.0002031313478931187                       0                       0                       0                       0                       0                       0 
   229   0.0006486293221247613    0.001569629899838955                       0  -0.0009210005777141941                       0                       0                       0                       0                       0                       0 
   231    5.62733381406436e-05  -0.0001621234632846928                       0   0.0002183968014253364                       0                       0                       0                       0                       0                       0 
   232   0.0005133926107560665     0.00122101180811609                       0  -0.0007076191973600238                       0                       0                       0                       0                       0                       0 
   246  -1.842170312512108e-05  -0.0006063583802486186                       0   0.0005879366771234975                       0                       0                       0                       0                       0                       0 
   247   0.0009531285319281124     0.00367857272051875                       0   -0.002725444188590638                       0                       0                       0                       0                       0                       0 
   249  -1.487464318138706e-05  -0.0002564632705642325                       0   0.0002415886273828455                       0                       0                       0                       0                       0                       0 
   250   0.0009048480003040677    0.002925645133962145                       0   -0.002020797133658077                       0                       0                       0                       0                       0                       0 
   252   4.484217846853776e-06   -0.000170102822369924                       0   0.0001745870402167778                       0                       0                       0                       0                       0                       0 
   253   0.0009252922073611895    0.002193424066338385                       0   -0.001268131858977195                       0                       0                       0                       0                       0                       0 
   255    2.32998595733268e-05  -0.0001345267183808295                       0   0.0001578265779541563                       0                       0                       0                       0                       0                       0 
   256   0.0006645285714563333    0.001518510476643495                       0  -0.0008539819051871616                       0                       0                       0                       0                       0                       0 
