#varID                   total                 dxdbVol                dxdbSurf                    dSdb                    dndb              dxdbDirect                    dVdb                distance                 options                    dvdb
   174  -6.908196198145426e-06  -0.0005613705042892758                       0   0.0005544623080911303                       0                       0                       0                       0                       0                       0 
   175  -0.0005326744769092592    0.001370695323253709                       0   -0.001903369800162968                       0                       0                       0                       0                       0                       0 
   177   2.092524466299259e-05  -0.0004030414679184127                       0   0.0004239667125814052                       0                       0                       0                       0                       0                       0 
   178  -0.0006295323058455233  -3.648424542521907e-05                       0  -0.0005930480604203043                       0                       0                       0                       0                       0                       0 
   180   3.754052652303665e-05  -0.0001726267817357465                       0   0.0002101673082587831                       0                       0                       0                       0                       0                       0 
   181  -0.0004355216269256182  -0.0008070625667955622                       0    0.000371540939869944                       0                       0                       0                       0                       0                       0 
   183   2.466972114118668e-05  -2.380888910570325e-05                       0   4.847861024688993e-05                       0                       0                       0                       0                       0                       0 
   184  -0.0002082592136038508  -0.0005363157298027458                       0    0.000328056516198895                       0                       0                       0                       0                       0                       0 
   198  -1.694837999253378e-05  -0.0006837962955543426                       0   0.0006668479155618088                       0                       0                       0                       0                       0                       0 
   199  -0.0003527840528962998      0.0020744858881583                       0     -0.0024272699410546                       0                       0                       0                       0                       0                       0 
   201   2.682345470987109e-05  -0.0004107506120666428                       0   0.0004375740667765139                       0                       0                       0                       0                       0                       0 
   202  -0.0004931598505133565   0.0002217479753310431                       0  -0.0007149078258443997                       0                       0                       0                       0                       0                       0 
   204   6.649244227534954e-05  -0.0002251293325541482                       0   0.0002916217748294977                       0                       0                       0                       0                       0                       0 
   205  -0.0005014757409260256   -0.001034323947987952                       0   0.0005328482070619266                       0                       0                       0                       0                       0                       0 
   207   7.509541978881341e-05  -5.679175890734848e-05                       0   0.0001318871786961619                       0                       0                       0                       0                       0                       0 
   208  -0.0004463608700616705   -0.001141823970107565                       0   0.0006954631000458942                       0                       0                       0                       0                       0                       0 
   222  -2.877844027251867e-05  -0.0007205062380391296                       0    0.000691727797766611                       0                       0                       0                       0                       0                       0 
   223   0.0009065664008222926    0.003696991406686495                       0   -0.002790425005864202                       0                       0                       0                       0                       0                       0 
   225  -4.547576793215602e-06  -0.0002857753386537512                       0   0.0002812277618605356                       0                       0                       0                       0                       0                       0 
   226   0.0006825218656861568    0.002352022034179995                       0   -0.001669500168493838                       0                       0                       0                       0                       0                       0 
   228   2.654463743818135e-05  -0.0001969933607670635                       0   0.0002235379982052449                       0                       0                       0                       0                       0                       0 
   229   0.0007002505061692858    0.001623445045266528                       0  -0.0009231945390972427                       0                       0                       0                       0                       0                       0 
   231   6.068006582700923e-05  -0.0001725660151274603                       0   0.0002332460809544695                       0                       0                       0                       0                       0                       0 
   232   0.0005146516506981194    0.001238941965633135                       0   -0.000724290314935016                       0                       0                       0                       0                       0                       0 
   246   -2.50041726571939e-05   -0.000605925737850217                       0   0.0005809215651930231                       0                       0                       0                       0                       0                       0 
   247    0.001016840336115473    0.003619715078168072                       0   -0.002602874742052599                       0                       0                       0                       0                       0                       0 
   249  -1.561253285481135e-05  -0.0002768549368837383                       0   0.0002612424040289269                       0                       0                       0                       0                       0                       0 
   250   0.0009970016839539525    0.002978949402964634                       0   -0.001981947719010681                       0                       0                       0                       0                       0                       0 
   252   8.006608446629794e-06  -0.0001879278188044714                       0   0.0001959344272511012                       0                       0                       0                       0                       0                       0 
   253   0.0009944780912418932    0.002280088601898193                       0     -0.0012856105106563                       0                       0                       0                       0                       0                       0 
   255   2.711278797673611e-05  -0.0001464080881158539                       0     0.00017352087609259                       0                       0                       0                       0                       0                       0 
   256   0.0006736683452757461    0.001564039185908764                       0  -0.0008903708406330179                       0                       0                       0                       0                       0                       0 
