#varID                   total                 dxdbVol                dxdbSurf                    dSdb                    dndb              dxdbDirect                    dVdb                distance                 options                    dvdb
   174   5.452060036740202e-06  -0.0005230824176326779                       0   0.0005285344776694181                       0                       0                       0                       0                       0                       0 
   175  -0.0003964035785323642   0.0004989843305333023                       0  -0.0008953879090656665                       0                       0                       0                       0                       0                       0 
   177   1.412333624095918e-05  -0.0002579389307434474                       0   0.0002720622669844066                       0                       0                       0                       0                       0                       0 
   178  -0.0004122030756560917  -0.0002208797154629269                       0  -0.0001913233601931649                       0                       0                       0                       0                       0                       0 
   180   1.607911372343771e-05  -0.0001267880968647232                       0   0.0001428672105881609                       0                       0                       0                       0                       0                       0 
   181  -0.0003007257202725089  -0.0004341618881939264                       0   0.0001334361679214175                       0                       0                       0                       0                       0                       0 
   183   1.912063804966402e-05  -1.654433121171712e-05                       0   3.566496926138113e-05                       0                       0                       0                       0                       0                       0 
   184  -0.0001761618054389645  -0.0003063138609210241                       0   0.0001301520554820596                       0                       0                       0                       0                       0                       0 
   198  -4.697699907930237e-06  -0.0006737299177672258                       0   0.0006690322178592956                       0                       0                       0                       0                       0                       0 
   199  -0.0002786231188911987    0.001316058236883283                       0   -0.001594681355774482                       0                       0                       0                       0                       0                       0 
   201   1.509736177772388e-05   -0.000271773781679983                       0   0.0002868711434577068                       0                       0                       0                       0                       0                       0 
   202  -0.0003281597451577643   8.188162310365573e-05                       0  -0.0004100413682614201                       0                       0                       0                       0                       0                       0 
   204   3.572378403603668e-05  -0.0001601617367911292                       0   0.0001958855208271659                       0                       0                       0                       0                       0                       0 
   205  -0.0003568948890977217  -0.0004789645956023225                       0   0.0001220697065046008                       0                       0                       0                       0                       0                       0 
   207    5.22119255445782e-05  -4.589399165846299e-05                       0   9.810591720304119e-05                       0                       0                       0                       0                       0                       0 
   208  -0.0004058379554933579  -0.0005770866495011584                       0   0.0001712486940078005                       0                       0                       0                       0                       0                       0 
   222  -2.455792766862305e-06   -0.000742042732455861                       0   0.0007395869396889987                       0                       0                       0                       0                       0                       0 
   223   0.0006051002733527895    0.003873834504759635                       0   -0.003268734231406845                       0                       0                       0                       0                       0                       0 
   225   -3.80094733772618e-06  -0.0001838208896842137                       0   0.0001800199423464876                       0                       0                       0                       0                       0                       0 
   226   0.0002898162843697047    0.002089644695542212                       0   -0.001799828411172508                       0                       0                       0                       0                       0                       0 
   228   7.346849109973882e-06  -0.0001047498696594231                       0    0.000112096718769397                       0                       0                       0                       0                       0                       0 
   229   0.0003607129895813891    0.001361985962251339                       0    -0.00100127297266995                       0                       0                       0                       0                       0                       0 
   231   2.688896116951636e-05  -8.754375241173948e-05                       0   0.0001144327135812558                       0                       0                       0                       0                       0                       0 
   232   0.0004209740196585234    0.001120410446876849                       0  -0.0006994364272183258                       0                       0                       0                       0                       0                       0 
   246   5.544530807530105e-06  -0.0005902961215146157                       0   0.0005958406523221458                       0                       0                       0                       0                       0                       0 
   247   0.0006364068275397849    0.003833545532508185                       0     -0.0031971387049684                       0                       0                       0                       0                       0                       0 
   249  -1.443161566729893e-05  -0.0001695740984392941                       0   0.0001551424827719952                       0                       0                       0                       0                       0                       0 
   250   0.0004907485096124014    0.002672744908424662                       0   -0.002181996398812261                       0                       0                       0                       0                       0                       0 
   252  -6.406675327073566e-06  -9.582304210569203e-05                       0   8.941636677861846e-05                       0                       0                       0                       0                       0                       0 
   253   0.0005448463685468483    0.001819517689469557                       0   -0.001274671320922709                       0                       0                       0                       0                       0                       0 
   255    2.94711169084195e-06  -5.889456285190617e-05                       0   6.184167454274812e-05                       0                       0                       0                       0                       0                       0 
   256   0.0005373187614763486    0.001248326537740276                       0  -0.0007110077762639276                       0                       0                       0                       0                       0                       0 
