#varID                   total                 dxdbVol                dxdbSurf                    dSdb                    dndb              dxdbDirect                    dVdb                distance                 options                    dvdb
   174   -1.41706330340671e-05  -0.0005745404449550594                       0   0.0005603698119209923                       0                       0                       0                       0                       0                       0 
   175  -0.0006234171374381906    0.001903480274688164                       0   -0.002526897412126354                       0                       0                       0                       0                       0                       0 
   177    2.64497157885942e-05  -0.0004955440928229786                       0   0.0005219938086115728                       0                       0                       0                       0                       0                       0 
   178  -0.0008020650020839054   5.279244501725577e-05                       0  -0.0008548574471011612                       0                       0                       0                       0                       0                       0 
   180   5.257562579530188e-05  -0.0001998991269370082                       0   0.0002524747527323101                       0                       0                       0                       0                       0                       0 
   181  -0.0005190672136028804   -0.001083858031031292                       0    0.000564790817428412                       0                       0                       0                       0                       0                       0 
   183   2.858965390662173e-05  -2.153610987434188e-05                       0   5.012576378096361e-05                       0                       0                       0                       0                       0                       0 
   184  -0.0002210913608506972  -0.0006690001847595873                       0   0.0004479088239088901                       0                       0                       0                       0                       0                       0 
   198   -2.91752756396051e-05  -0.0006773298312277585                       0   0.0006481545555881534                       0                       0                       0                       0                       0                       0 
   199  -0.0003891666039852327    0.002487013509528365                       0   -0.002876180113513598                       0                       0                       0                       0                       0                       0 
   201   3.494194034494734e-05  -0.0005060621240881584                       0   0.0005410040644331058                       0                       0                       0                       0                       0                       0 
   202   -0.000596152314790643   0.0002954108073383296                       0  -0.0008915631221289726                       0                       0                       0                       0                       0                       0 
   204   8.984936787786774e-05  -0.0002627966895733737                       0   0.0003526460574512414                       0                       0                       0                       0                       0                       0 
   205  -0.0005792872692753782   -0.001399138825469565                       0   0.0008198515561941865                       0                       0                       0                       0                       0                       0 
   207   8.549194638159702e-05  -4.822461311322387e-05                       0   0.0001337165594948209                       0                       0                       0                       0                       0                       0 
   208  -0.0004804501423759976   -0.001451868784575218                       0   0.0009714186421992208                       0                       0                       0                       0                       0                       0 
   222  -7.008821156512257e-05  -0.0006725551709475716                       0    0.000602466959382449                       0                       0                       0                       0                       0                       0 
   223    0.001193537508337614    0.003286987749864961                       0   -0.002093450241527347                       0                       0                       0                       0                       0                       0 
   225  -9.079940047307736e-06   -0.000401932085610085                       0   0.0003928521455627772                       0                       0                       0                       0                       0                       0 
   226    0.001139176240660902    0.002625971681269475                       0   -0.001486795440608573                       0                       0                       0                       0                       0                       0 
   228   5.387538340924456e-05  -0.0002919284901181097                       0   0.0003458038735273543                       0                       0                       0                       0                       0                       0 
   229   0.0009353749571566622    0.001970755951134137                       0   -0.001035380993977474                       0                       0                       0                       0                       0                       0 
   231   7.422935766733429e-05  -0.0002105320363163032                       0   0.0002847613939836375                       0                       0                       0                       0                       0                       0 
   232   0.0004279749715340871    0.001268011414544874                       0  -0.0008400364430107873                       0                       0                       0                       0                       0                       0 
   246  -7.159526718362541e-05  -0.0005881370939777379                       0   0.0005165418267941125                       0                       0                       0                       0                       0                       0 
   247    0.001402444472058969    0.003192395124510676                       0   -0.001789950652451707                       0                       0                       0                       0                       0                       0 
   249  -2.187421078284052e-05  -0.0004145655179650174                       0   0.0003926913071821769                       0                       0                       0                       0                       0                       0 
   250    0.001598563400191348    0.003343176988884355                       0   -0.001744613588693006                       0                       0                       0                       0                       0                       0 
   252   3.549690788607365e-05  -0.0002982013149391424                       0    0.000333698222825216                       0                       0                       0                       0                       0                       0 
   253    0.001322977810374614    0.002814685989743685                       0   -0.001491708179369071                       0                       0                       0                       0                       0                       0 
   255   4.164879714331116e-05  -0.0001944128523072392                       0   0.0002360616494505503                       0                       0                       0                       0                       0                       0 
   256   0.0006332221019507984    0.001733871237070363                       0   -0.001100649135119565                       0                       0                       0                       0                       0                       0 
