#varID                   total                 dxdbVol                dxdbSurf                    dSdb                    dndb              dxdbDirect                    dVdb                distance                 options                    dvdb
   174    4.30915998266381e-06  -0.0005274986624864374                       0   0.0005318078224691012                       0                       0                       0                       0                       0                       0 
   175  -0.0004083709946600125   0.0005784407610743248                       0  -0.0009868117557343373                       0                       0                       0                       0                       0                       0 
   177   1.463030680804264e-05  -0.0002710081426946104                       0    0.000285638449502653                       0                       0                       0                       0                       0                       0 
   178  -0.0004289767905208353  -0.0002031006715982587                       0  -0.0002258761189225766                       0                       0                       0                       0                       0                       0 
   180   1.788987967631065e-05   -0.000130660280570055                       0   0.0001485501602463657                       0                       0                       0                       0                       0                       0 
   181  -0.0003127083871826947  -0.0004636218504200885                       0   0.0001509134632373938                       0                       0                       0                       0                       0                       0 
   183   1.954070224581433e-05  -1.782949005348218e-05                       0    3.73701922992965e-05                       0                       0                       0                       0                       0                       0 
   184  -0.0001799112933008902   -0.000327191801109037                       0   0.0001472805078081467                       0                       0                       0                       0                       0                       0 
   198  -5.485793252699373e-06  -0.0006755803382372937                       0   0.0006700945449845943                       0                       0                       0                       0                       0                       0 
   199   -0.000285758434899408    0.001388597648161388                       0   -0.001674356083060796                       0                       0                       0                       0                       0                       0 
   201   1.609253621367583e-05   -0.000283895633237429                       0   0.0002999881694511048                       0                       0                       0                       0                       0                       0 
   202  -0.0003421403249126491   9.548182078042192e-05                       0   -0.000437622145693071                       0                       0                       0                       0                       0                       0 
   204   3.813662435135824e-05  -0.0001659201415261515                       0   0.0002040567658775098                       0                       0                       0                       0                       0                       0 
   205  -0.0003713439582983765  -0.0005256904929194658                       0   0.0001543465346210893                       0                       0                       0                       0                       0                       0 
   207    5.44423611918773e-05  -4.840718518066849e-05                       0   0.0001028495463725458                       0                       0                       0                       0                       0                       0 
   208  -0.0004105734885340685  -0.0006319619106311724                       0   0.0002213884220971038                       0                       0                       0                       0                       0                       0 
   222  -3.490275308743449e-06  -0.0007420780430679245                       0   0.0007385877677591811                       0                       0                       0                       0                       0                       0 
   223   0.0006279772283705309    0.003877081799621306                       0   -0.003249104571250775                       0                       0                       0                       0                       0                       0 
   225  -3.636966541808995e-06  -0.0001906492199738808                       0   0.0001870122534320718                       0                       0                       0                       0                       0                       0 
   226   0.0003157567522640149    0.002110213601719066                       0   -0.001794456849455051                       0                       0                       0                       0                       0                       0 
   228   8.296437572730006e-06  -0.0001106751690204962                       0   0.0001189716065932262                       0                       0                       0                       0                       0                       0 
   229   0.0003867748343785026    0.001374918431601075                       0  -0.0009881435972225721                       0                       0                       0                       0                       0                       0 
   231   2.979783104121187e-05  -9.562071271963381e-05                       0   0.0001254185437608457                       0                       0                       0                       0                       0                       0 
   232   0.0004348964897959156    0.001127155705452727                       0  -0.0006922592156568114                       0                       0                       0                       0                       0                       0 
   246   4.203026377138145e-06  -0.0005931718132381228                       0   0.0005973748396152609                       0                       0                       0                       0                       0                       0 
   247   0.0006638290631458409    0.003832990210306015                       0   -0.003169161147160174                       0                       0                       0                       0                       0                       0 
   249  -1.423115214826981e-05  -0.0001760912970080521                       0   0.0001618601448597823                       0                       0                       0                       0                       0                       0 
   250   0.0005235498854765461    0.002694745956782597                       0   -0.002171196071306051                       0                       0                       0                       0                       0                       0 
   252   -5.89691591869134e-06  -0.0001009238636234711                       0   9.502694770477977e-05                       0                       0                       0                       0                       0                       0 
   253   0.0005792412293301463    0.001847020250982155                       0   -0.001267779021652009                       0                       0                       0                       0                       0                       0 
   255   4.579919533443717e-06  -6.637596458499875e-05                       0   7.095588411844247e-05                       0                       0                       0                       0                       0                       0 
   256   0.0005538206455359938    0.001272950544354383                       0  -0.0007191298988183888                       0                       0                       0                       0                       0                       0 
