#varID                   total                 dxdbVol                dxdbSurf                    dSdb                    dndb              dxdbDirect                    dVdb                distance                 options                    dvdb
   174   3.114772502844487e-06  -0.0005319136330536765                       0    0.000535028405556521                       0                       0                       0                       0                       0                       0 
   175  -0.0004209712851821935   0.0006615688414194524                       0   -0.001082540126601646                       0                       0                       0                       0                       0                       0 
   177   1.518471976379209e-05  -0.0002846825764278494                       0   0.0002998672961916415                       0                       0                       0                       0                       0                       0 
   178  -0.0004471393005959868  -0.0001845750193577925                       0  -0.0002625642812381943                       0                       0                       0                       0                       0                       0 
   180    1.98128596300568e-05  -0.0001348192004548188                       0   0.0001546320600848756                       0                       0                       0                       0                       0                       0 
   181  -0.0003253602468207257  -0.0004954129824122573                       0   0.0001700527355915316                       0                       0                       0                       0                       0                       0 
   183   2.000607927137993e-05  -1.904242854308515e-05                       0   3.904850781446508e-05                       0                       0                       0                       0                       0                       0 
   184  -0.0001836484520292639  -0.0003491663881167552                       0   0.0001655179360874914                       0                       0                       0                       0                       0                       0 
   198  -6.378306989773472e-06  -0.0006773233344223907                       0   0.0006709450274326172                       0                       0                       0                       0                       0                       0 
   199  -0.0002931550568190174    0.001463818633120273                       0   -0.001756973689939291                       0                       0                       0                       0                       0                       0 
   201    1.71478027066387e-05  -0.0002966582076070572                       0   0.0003138060103136959                       0                       0                       0                       0                       0                       0 
   202  -0.0003570375627026855   0.0001096216744094565                       0  -0.0004666592371121421                       0                       0                       0                       0                       0                       0 
   204   4.074783709310197e-05  -0.0001720283196147671                       0   0.0002127761567078691                       0                       0                       0                       0                       0                       0 
   205  -0.0003862217014786212  -0.0005755677521573554                       0   0.0001893460506787341                       0                       0                       0                       0                       0                       0 
   207   5.676510746162677e-05  -5.069539660331177e-05                       0   0.0001074605040649385                       0                       0                       0                       0                       0                       0 
   208  -0.0004151712981741412  -0.0006887596920613575                       0   0.0002735883938872163                       0                       0                       0                       0                       0                       0 
   222  -4.816210028595145e-06  -0.0007417531488293941                       0   0.0007369369388007989                       0                       0                       0                       0                       0                       0 
   223   0.0006527125056715864    0.003876790190316455                       0   -0.003224077684644869                       0                       0                       0                       0                       0                       0 
   225  -3.498097525843222e-06  -0.0001981913915956706                       0   0.0001946932940698274                       0                       0                       0                       0                       0                       0 
   226   0.0003445315213945455    0.002132183922054218                       0   -0.001787652400659673                       0                       0                       0                       0                       0                       0 
   228   9.417222329040332e-06  -0.0001173352221587953                       0   0.0001267524444878356                       0                       0                       0                       0                       0                       0 
   229   0.0004151683880893014    0.001390293436397231                       0    -0.00097512504830793                       0                       0                       0                       0                       0                       0 
   231   3.292345907199859e-05  -0.0001040767545760963                       0   0.0001370002136480949                       0                       0                       0                       0                       0                       0 
   232   0.0004488152341947695    0.001135512623838468                       0  -0.0006866973896436982                       0                       0                       0                       0                       0                       0 
   246    2.54862422154696e-06  -0.0005959355330089456                       0   0.0005984841572304926                       0                       0                       0                       0                       0                       0 
   247    0.000693815223674699    0.003828851062508967                       0   -0.003135035838834268                       0                       0                       0                       0                       0                       0 
   249  -1.406320077765389e-05   -0.000183434618159216                       0   0.0001693714173815621                       0                       0                       0                       0                       0                       0 
   250   0.0005600822474093651    0.002718609338130852                       0   -0.002158527090721487                       0                       0                       0                       0                       0                       0 
   252  -5.252234499769547e-06  -0.0001068466526956745                       0   0.0001015944181959049                       0                       0                       0                       0                       0                       0 
   253   0.0006166641807529558    0.001878272696551029                       0   -0.001261608515798073                       0                       0                       0                       0                       0                       0 
   255   6.433237846835364e-06  -7.439066357133331e-05                       0   8.082390141816867e-05                       0                       0                       0                       0                       0                       0 
   256    0.000570670138296687    0.001299908238619196                       0  -0.0007292381003225094                       0                       0                       0                       0                       0                       0 
