#varID                   total                 dxdbVol                dxdbSurf                    dSdb                    dndb              dxdbDirect                    dVdb                distance                 options                    dvdb
   174  -1.038719705695457e-05  -0.0005685592015213864                       0   0.0005581720044644319                       0                       0                       0                       0                       0                       0 
   175  -0.0005749603151214754    0.001624025901854356                       0   -0.002198986216975831                       0                       0                       0                       0                       0                       0 
   177   2.342760953072555e-05  -0.0004466127792235711                       0   0.0004700403887542966                       0                       0                       0                       0                       0                       0 
   178  -0.0007074932357252486   8.910312749146923e-06                       0  -0.0007164035484743955                       0                       0                       0                       0                       0                       0 
   180   4.448943457340009e-05  -0.0001860026958972211                       0   0.0002304921304706212                       0                       0                       0                       0                       0                       0 
   181  -0.0004750468403739957  -0.0009347574771689935                       0   0.0004597106367949978                       0                       0                       0                       0                       0                       0 
   183   2.649530508652267e-05  -2.324339813063435e-05                       0   4.973870321715702e-05                       0                       0                       0                       0                       0                       0 
   184  -0.0002145963130319916  -0.0006006059446638752                       0   0.0003860096316318836                       0                       0                       0                       0                       0                       0 
   198  -2.218125795247234e-05  -0.0006821403998576738                       0   0.0006599591419052015                       0                       0                       0                       0                       0                       0 
   199  -0.0003716941788384789     0.00227678226971364                       0   -0.002648476448552119                       0                       0                       0                       0                       0                       0 
   201   3.059692927731041e-05  -0.0004547215516547457                       0   0.0004853184809320561                       0                       0                       0                       0                       0                       0 
   202  -0.0005433797713271831   0.0002571571946906823                       0  -0.0008005369660178654                       0                       0                       0                       0                       0                       0 
   204   7.715026293216357e-05  -0.0002434574432281051                       0   0.0003206077061602687                       0                       0                       0                       0                       0                       0 
   205  -0.0005382892038731802    -0.00120719732616549                       0   0.0006689081222923101                       0                       0                       0                       0                       0                       0 
   207   8.051840680487997e-05  -5.384543322237029e-05                       0   0.0001343638400272503                       0                       0                       0                       0                       0                       0 
   208  -0.0004592592265106556   -0.001290607708924292                       0   0.0008313484824136366                       0                       0                       0                       0                       0                       0 
   222  -4.485814474759309e-05  -0.0007022744322048033                       0   0.0006574162874572102                       0                       0                       0                       0                       0                       0 
   223    0.001026203716663508    0.003539011374422953                       0   -0.002512807657759445                       0                       0                       0                       0                       0                       0 
   225   -6.27312678994291e-06  -0.0003327336109659804                       0   0.0003264604841760375                       0                       0                       0                       0                       0                       0 
   226    0.000865759391012132    0.002460515649803563                       0   -0.001594756258791431                       0                       0                       0                       0                       0                       0 
   228   3.748811512731726e-05    -0.00023762540033549                       0   0.0002751135154628073                       0                       0                       0                       0                       0                       0 
   229   0.0008143892492665779    0.001766086205535584                       0  -0.0009516969562690062                       0                       0                       0                       0                       0                       0 
   231   6.896733511526146e-05  -0.0001929366558384967                       0   0.0002619039909537581                       0                       0                       0                       0                       0                       0 
   232   0.0004960795509554594    0.001268776502051845                       0  -0.0007726969510963853                       0                       0                       0                       0                       0                       0 
   246  -4.309897602510545e-05  -0.0006011234069530568                       0   0.0005580244309279514                       0                       0                       0                       0                       0                       0 
   247    0.001175872589364728     0.00345252124776731                       0   -0.002276648658402582                       0                       0                       0                       0                       0                       0 
   249  -1.801455019837965e-05  -0.0003311778487663984                       0   0.0003131632985680188                       0                       0                       0                       0                       0                       0 
   250    0.001237523733169752    0.003119864394365714                       0   -0.001882340661195962                       0                       0                       0                       0                       0                       0 
   252   1.837141104889126e-05  -0.0002338725940774369                       0   0.0002522440051263281                       0                       0                       0                       0                       0                       0 
   253    0.001150179280094468    0.002502907783855438                       0   -0.001352728503760971                       0                       0                       0                       0                       0                       0 
   255   3.508386033152509e-05  -0.0001709009748078069                       0   0.0002059848351393319                       0                       0                       0                       0                       0                       0 
   256   0.0006748785135513192    0.001656904537732522                       0  -0.0009820260241812028                       0                       0                       0                       0                       0                       0 
