#varID                   total                 dxdbVol                dxdbSurf                    dSdb                    dndb              dxdbDirect                    dVdb                distance                 options                    dvdb
   174   5.619093616363903e-07   -0.000540684619187217                       0   0.0005412465285488533                       0                       0                       0                       0                       0                       0 
   175   -0.000448303155025426   0.0008398967168939699                       0   -0.001288199871919396                       0                       0                       0                       0                       0                       0 
   177    1.64560207782999e-05  -0.0003140840458901103                       0   0.0003305400666684102                       0                       0                       0                       0                       0                       0 
   178  -0.0004882984338860741  -0.0001453312231176378                       0  -0.0003429672107684363                       0                       0                       0                       0                       0                       0 
   180   2.404271125154003e-05  -0.0001440443491320853                       0   0.0001680870603836254                       0                       0                       0                       0                       0                       0 
   181  -0.0003528095296221728  -0.0005670024043707963                       0   0.0002141928747486236                       0                       0                       0                       0                       0                       0 
   183   2.108041153508069e-05  -2.118070221309144e-05                       0   4.226111374817213e-05                       0                       0                       0                       0                       0                       0 
   184  -0.0001910266940573204  -0.0003965622433214088                       0   0.0002055355492640884                       0                       0                       0                       0                       0                       0 
   198  -8.530063834475982e-06   -0.000680386985229725                       0    0.000671856921395249                       0                       0                       0                       0                       0                       0 
   199  -0.0003087693207146048    0.001622788385283717                       0   -0.001931557705998322                       0                       0                       0                       0                       0                       0 
   201   1.946390383993134e-05  -0.0003243774491151558                       0   0.0003438413529550871                       0                       0                       0                       0                       0                       0 
   202  -0.0003898862249745347    0.000139458556296852                       0  -0.0005293447812713867                       0                       0                       0                       0                       0                       0 
   204   4.664521901538081e-05  -0.0001853348851177759                       0   0.0002319801041331567                       0                       0                       0                       0                       0                       0 
   205     -0.0004172302119049  -0.0006857816001911204                       0   0.0002685513882862205                       0                       0                       0                       0                       0                       0 
   207   6.167551003696413e-05  -5.444249505209667e-05                       0   0.0001161180050890608                       0                       0                       0                       0                       0                       0 
   208  -0.0004239802905487915  -0.0008082067969673624                       0   0.0003842265064185709                       0                       0                       0                       0                       0                       0 
   222  -8.570612969042339e-06  -0.0007397153043125011                       0   0.0007311446913434588                       0                       0                       0                       0                       0                       0 
   223   0.0007087506590392734    0.003862737989494003                       0    -0.00315398733045473                       0                       0                       0                       0                       0                       0 
   225    -3.3419336695467e-06  -0.0002159225438601654                       0   0.0002125806101906187                       0                       0                       0                       0                       0                       0 
   226   0.0004125125693114436    0.002181146229968455                       0   -0.001768633660657011                       0                       0                       0                       0                       0                       0 
   228   1.232498584134831e-05  -0.0001333242694857437                       0    0.000145649255327092                       0                       0                       0                       0                       0                       0 
   229   0.0004799215117698379    0.001430400684663067                       0  -0.0009504791728932289                       0                       0                       0                       0                       0                       0 
   231   3.985670773831232e-05  -0.0001221244752671234                       0   0.0001619811830054358                       0                       0                       0                       0                       0                       0 
   232   0.0004757275148395304    0.001157436731532375                       0  -0.0006817092166928448                       0                       0                       0                       0                       0                       0 
   246  -1.949015022847771e-06  -0.0006009270039438012                       0   0.0005989779889209535                       0                       0                       0                       0                       0                       0 
   247   0.0007629081216074889    0.003806918879602366                       0   -0.003044010757994877                       0                       0                       0                       0                       0                       0 
   249   -1.38877206602251e-05  -0.0002012332695957946                       0   0.0001873455489355695                       0                       0                       0                       0                       0                       0 
   250   0.0006469223016649971     0.00277319020029979                       0   -0.002126267898634793                       0                       0                       0                       0                       0                       0 
   252  -3.399539787874974e-06  -0.0001217638573437834                       0   0.0001183643175559085                       0                       0                       0                       0                       0                       0 
   253   0.0007019439455447246     0.00195480856581385                       0   -0.001252864620269125                       0                       0                       0                       0                       0                       0 
   255   1.089141874218409e-05  -9.211470391703789e-05                       0    0.000103006122659222                       0                       0                       0                       0                       0                       0 
   256     0.00060475168250296     0.00136154120395762                       0  -0.0007567895214546601                       0                       0                       0                       0                       0                       0 
