                 #varID      adjointSensitivity
                    174  -0.0005224797949599186
                    175    -0.01492908342109878
                    177     0.00057404231314667
                    178    -0.01567841532097551
                    180   0.0009930518133645686
                    181   -0.009462401750427597
                    183   0.0004946375586418383
                    184   -0.003578220302676868
                    198  -0.0005626177931932627
                    199    -0.01452961767114463
                    201   0.0006181916207983031
                    202    -0.01445927341826215
                    204    0.001527376717902557
                    205    -0.01177153989447913
                    207    0.001357288722873469
                    208    -0.00719503388845511
                    222   6.694404661851503e-05
                    223   -0.002496483763947581
                    225   0.0001619044263202021
                    226    0.002439312934393172
                    228   0.0007935670507339743
                    229    0.005911406185874717
                    231    0.001260557228274327
                    232    0.005965749683194806
                    246   8.859611703886995e-05
                    247   0.0002288418867064561
                    249   4.852629964758031e-05
                    250    0.006059881966630458
                    252   0.0004894705194658658
                    253     0.01000675145675805
                    255   0.0006810975618169346
                    256    0.007973365502881032
