                 #varID      adjointSensitivity
                    174   0.0007524487511003143
                    175    -0.01242679901606538
                    177   0.0004836313346352108
                    178    -0.01188340965715562
                    180   0.0004298471359713376
                    181   -0.009258933766655314
                    183   0.0001830297167488903
                    184   -0.004746633675647525
                    198   0.0007381254354223168
                    199    -0.01256602358854273
                    201   0.0005248873824434793
                    202    -0.01136065298805795
                    204    0.000669397261193908
                    205    -0.01315963055375683
                    207   0.0006331177923899467
                    208    -0.01207781516382532
                    222     0.00029490002057571
                    223   -0.001355105425369166
                    225   0.0002412099566240103
                    226    0.001372304404932348
                    228   0.0003879756999152779
                    229    0.001516999749931517
                    231   0.0006276852428758258
                    232    0.001698015923334353
                    246   0.0001371806246465944
                    247    0.001205017222492274
                    249   0.0001466650955527803
                    250    0.003961435257044574
                    252   0.0002670016206397356
                    253    0.005197027517791669
                    255   0.0002840093535233209
                    256    0.005383951289020955
