                 #varID      adjointSensitivity
                    174   0.0009269103141732556
                    175    -0.01195958919188014
                    177   0.0004762621289114319
                    178    -0.01115020183453848
                    180   0.0003583800680190864
                    181   -0.008949873275017716
                    183   9.566787836143124e-05
                    184   -0.004755262352468417
                    198   0.0009346418282699818
                    199    -0.01221622325741255
                    201   0.0005185822439973862
                    202    -0.01072677754168085
                    204   0.0005291950292790345
                    205    -0.01289840647568903
                    207    0.000387756525969738
                    208    -0.01249295302569526
                    222   0.0003323127370638698
                    223   -0.001259682967254604
                    225   0.0002431176638019966
                    226    0.001257532498779837
                    228   0.0003259574315661795
                    229    0.001192340675579559
                    231   0.0004988243107110328
                    232    0.001265183146984032
                    246   0.0001431293740863698
                    247    0.001253305277571268
                    249   0.0001443817051899753
                    250    0.003670626186182602
                    252   0.0002423092827589489
                    253    0.004752722396665135
                    255   0.0002494216215170436
                    256    0.005148151844734093
