                 #varID      adjointSensitivity
                    174   0.0006552284975945749
                    175    -0.01266428123471026
                    177   0.0004873175844627952
                    178    -0.01226050997237016
                    180   0.0004715747942087733
                    181   -0.009394985691102784
                    183   0.0002265166901167513
                    184   -0.004719624310372953
                    198   0.0006316132232369274
                    199    -0.01274412150439852
                    201   0.0005284884479890791
                    202    -0.01168336398689353
                    204   0.0007462960232442258
                    205     -0.0132467060443921
                    207   0.0007494232927471365
                    208    -0.01180724695908506
                    222   0.0002748807260966261
                    223     -0.0014111866954316
                    225      0.0002394156218418
                    226    0.001438462094075096
                    228   0.0004214383202953958
                    229    0.001720233358307574
                    231   0.0006912449828362871
                    232    0.001954036031165247
                    246   0.0001336768187501741
                    247    0.001171742757925568
                    249   0.0001466891262242704
                    250    0.004120130306129274
                    252   0.0002808993238387516
                    253    0.005455708812239933
                    255   0.0003041553082732465
                    256    0.005522475743645759
