                 #varID      adjointSensitivity
                    174    0.001075734390997877
                    175    -0.01150236741323506
                    177   0.0004678912344456348
                    178     -0.0104481732951795
                    180   0.0003017367005685254
                    181   -0.008607074518741358
                    183   1.052500864893384e-05
                    184   -0.004713074598740201
                    198    0.001109406072367209
                    199    -0.01187377585870491
                    201   0.0005123534790408584
                    202    -0.01011317964321787
                    204   0.0004077381009703712
                    205    -0.01254836805296157
                    207   0.0001333936873006622
                    208    -0.01275801230280434
                    222   0.0003661886587175691
                    223   -0.001180715160293497
                    225   0.0002433203768153157
                    226    0.001162433392165846
                    228   0.0002703758085887201
                    229   0.0009538951124573999
                    231   0.0003688001955762233
                    232   0.0009238544997392833
                    246   0.0001478110001521882
                    247    0.001283783072699817
                    249   0.0001401180685751202
                    250    0.003411282994849645
                    252   0.0002210318029847889
                    253    0.004385281856064238
                    255   0.0002206247654363314
                    256    0.004955539708698747
