                 #varID      adjointSensitivity
                    174     0.00100443974062186
                    175    -0.01172972804126887
                    177   0.0004722590037855801
                    178    -0.01079512270638573
                    180   0.0003283120802597196
                    181   -0.008781669935499982
                    183   5.264813108724552e-05
                    184   -0.004739809619668099
                    198    0.001024711662768325
                    199    -0.01204413763673282
                    201   0.0005155267424472205
                    202    -0.01041715747941664
                    204   0.0004661239083560692
                    205    -0.01273263037975474
                    207   0.0002611527365077074
                    208    -0.01264285084892614
                    222   0.0003496918320522919
                    223   -0.001218503519310549
                    225   0.0002433998767453539
                    226    0.001207775169095134
                    228   0.0002973755424822068
                    229    0.001063823686235634
                    231   0.0004338587165876868
                    232    0.001084070870331289
                    246   0.0001456173590514307
                    247    0.001270366485778139
                    249   0.0001424374944707855
                    250    0.003537300216029215
                    252   0.0002312898627850647
                    253    0.004560690609706682
                    255   0.0002344113845034655
                    256    0.005047208288771463
