                 #varID      adjointSensitivity
                    174    0.000842966029479411
                    175    -0.01219193901187603
                    177   0.0004800058649832492
                    178    -0.01151311171513764
                    180   0.0003921621207130244
                    181    -0.00910971167911849
                    183   0.0001392590385102561
                    184   -0.004758021440901301
                    198    0.000839128283620829
                    199    -0.01239013439140578
                    201   0.0005216492860958264
                    202    -0.01104150416558938
                    204   0.0005969738868051048
                    205    -0.01304207154301725
                    207   0.0005121369624180312
                    208    -0.01230551741288876
                    222   0.0003140478063390218
                    223   -0.001304939570850579
                    225   0.0002424127884489496
                    226    0.001312195015589885
                    228   0.0003561511723762418
                    229     0.00134230311963728
                    231   0.0005634946065061464
                    232    0.001469139470927795
                    246   0.0001403245812316241
                    247    0.001231831560502823
                    249   0.0001458377604623353
                    250    0.003811809016065798
                    252   0.0002541787193209792
                    253    0.004963858090714895
                    255   0.0002658685997663949
                    256    0.005259834278129015
