                 #varID      adjointSensitivity
                    174  -0.0003664193502743371
                    175    -0.01466462135883762
                    177   0.0005553823570463312
                    178    -0.01533127331546202
                    180   0.0009308150895047972
                    181   -0.009604980332733961
                    183   0.0004853628939777598
                    184   -0.003792868724313607
                    198  -0.0004108880932461993
                    199     -0.0143043952842817
                    201   0.0006004367116654272
                    202    -0.01419509181673569
                    204    0.001447685946812447
                    205    -0.01220905005296189
                    207    0.001344079694303262
                    208   -0.007903398819553193
                    222   9.055264422287886e-05
                    223   -0.002287164208228584
                    225   0.0001804832019096344
                    226    0.002280830640590195
                    228    0.000746027742693765
                    229      0.0051122494531597
                    231    0.001190107604438264
                    232    0.005320355117849907
                    246   9.365974936888515e-05
                    247   0.0004326884702708115
                    249    7.61782499549763e-05
                    250     0.00579477420083746
                    252   0.0004549456974740566
                    253    0.009176744672150806
                    255   0.0006084056472055986
                    256    0.007533110941373333
