                 #varID      adjointSensitivity
                    174  -0.0002159777264929355
                    175    -0.01440411114335185
                    177   0.0005396784007754953
                    178    -0.01496687852806643
                    180   0.0008666263593224456
                    181   -0.009700583404229782
                    183   0.0004689945306263153
                    184   -0.003985401944838559
                    198  -0.0002634089948558263
                    199    -0.01408907305296052
                    201   0.0005849150634076184
                    202    -0.01391131576148116
                    204    0.001362032805588006
                    205    -0.01256289098956434
                    207    0.001314883931772595
                    208   -0.008565168755786752
                    222   0.0001147120183925879
                    223   -0.002110475901810635
                    225   0.0001952449831470614
                    226    0.002136334136552032
                    228   0.0007001011884772142
                    229     0.00443105226705467
                    231    0.001124174387172521
                    232    0.004737174546916324
                    246   9.921834501001024e-05
                    247   0.0005999410555829406
                    249   9.726626644013204e-05
                    250     0.00554129937628042
                    252    0.000424309347104745
                    253     0.00846311055944694
                    255   0.0005474244250212562
                    256     0.00715078670967186
