                 #varID      adjointSensitivity
                    174   -7.15725944904458e-05
                    175    -0.01414685163410409
                    177    0.000526766592427313
                    178    -0.01458973882111074
                    180    0.000802329636487634
                    181   -0.009753084598508901
                    183   0.0004463622505558116
                    184   -0.004155349082247842
                    198  -0.0001204267746996179
                    199    -0.01388174149287804
                    201   0.0005716521882032153
                    202    -0.01361233824052678
                    204    0.001272669192208457
                    205    -0.01283997242790339
                    207    0.001270447865647545
                    208   -0.009178393710940463
                    222   0.0001389917427954959
                    223   -0.001960536811944628
                    225   0.0002069434518707004
                    226    0.002005049652899916
                    228   0.0006557061911191748
                    229      0.0038483381062715
                    231    0.001061066257313893
                    232    0.004209620713923102
                    246   0.0001049103013654135
                    247   0.0007372531298358018
                    249   0.0001131721136805176
                    250    0.005300774242568389
                    252    0.000396999339112115
                    253    0.007846409064083673
                    255   0.0004958061144241862
                    256    0.006818039139155448
