                 #varID      adjointSensitivity
                    174   6.646311077168686e-05
                    175    -0.01389259281440626
                    177   0.0005163266330737594
                    178    -0.01420412564867497
                    180   0.0007393406427176597
                    181   -0.009766650192321568
                    183   0.0004183304714284098
                    184   -0.004302635857279239
                    198   1.781698741584585e-05
                    199    -0.01368096990472481
                    201   0.0005605296115802963
                    202    -0.01330204927096941
                    204    0.001181519584113879
                    205      -0.013046911950203
                    207    0.001211752144303094
                    208   -0.009741707234079005
                    222   0.0001630847526012465
                    223   -0.001832641346051316
                    225   0.0002161867351336965
                    226    0.001885972591579296
                    228   0.0006128105636343847
                    229    0.003348488031356991
                    231   0.0009995020880916488
                    232    0.003732182776569002
                    246   0.0001105023372360153
                    247   0.0008499699411381469
                    249   0.0001249750230261416
                    250    0.005073485692703212
                    252   0.0003725360346025781
                    253     0.00731051368941166
                    255    0.000451734035391851
                    256    0.006527582447646303
