                 #varID      adjointSensitivity
                    174   0.0001978852517533334
                    175     -0.0136412663933089
                    177   0.0005079665974345178
                    178    -0.01381380887349133
                    180   0.0006787167078734719
                    181   -0.009745529927809258
                    183   0.0003857690201633488
                    184    -0.00442754882546128
                    198   0.0001511052522365471
                    199    -0.01348566583186473
                    201   0.0005513394174320047
                    202    -0.01298384609035937
                    204    0.001090205520360916
                    205    -0.01319013228751947
                    207    0.001139971382238033
                    208    -0.01025440395271324
                    222   0.0001867701237373875
                    223    -0.00172295068642937
                    225   0.0002234601351525577
                    226    0.001778058246993568
                    228   0.0005714183010957349
                    229     0.00291886535901151
                    231   0.0009385518753907715
                    232    0.003300209204172066
                    246    0.000115851744173499
                    247   0.0009424329308341048
                    249   0.0001335245183571422
                    250    0.004859194102927263
                    252   0.0003505170674801496
                    253    0.006842202050509803
                    255   0.0004137915986695531
                    256    0.006273192702355317
