                 #varID      adjointSensitivity
                    174   0.0003225313807834266
                    175    -0.01339282491856445
                    177    0.000501269519800918
                    178    -0.01342196582034928
                    180   0.0006212150557221997
                    181   -0.009693910240769994
                    183   0.0003495274757538439
                    184   -0.004530703173261675
                    198    0.000279255531783831
                    199     -0.0132949712615202
                    201   0.0005438220663853214
                    202    -0.01266063771749511
                    204    0.001000064373059322
                    205    -0.01327585710956388
                    207    0.001056422136674153
                    208      -0.010716439935939
                    222    0.000209889476219956
                    223    -0.00162832569371813
                    225   0.0002291477816948537
                    226    0.001680280726587323
                    228   0.0005315534080938477
                    229    0.002549123619968549
                    231    0.000877573510291435
                    232    0.002909710128454638
                    246   0.0001208752333694304
                    247    0.001018184684608807
                    249   0.0001394911155406459
                    250    0.004657383369044494
                    252   0.0003306049554530519
                    253    0.006430660666978907
                    255   0.0003808636297773524
                    256    0.006049601063886443
