                 #varID      adjointSensitivity
                    174   0.0004403138236160725
                    175    -0.01314722253152119
                    177   0.0004958301799519746
                    178    -0.01303118167211814
                    180    0.000567344827473645
                    181   -0.009615808389304446
                    183   0.0003104144254523175
                    184   -0.004612993525543365
                    198   0.0004021230700489866
                    199    -0.01310818935348323
                    201    0.000537695122466245
                    202    -0.01233486916202203
                    204   0.0009121724278945283
                    205    -0.01331008269331656
                    207   0.0009625120478863774
                    208    -0.01112839750745105
                    222   0.0002323300434320039
                    223   -0.001546187086301653
                    225   0.0002335524232920385
                    226    0.001591670166239084
                    228   0.0004932480228001359
                    229    0.002230696494812815
                    231   0.0008161567791070969
                    232    0.002557201946486607
                    246   0.0001255291241884348
                    247    0.001080128283820359
                    249   0.0001434061198182083
                    250    0.004467403783568328
                    252   0.0003125166091658322
                    253    0.006067035269167719
                    255   0.0003520645474377824
                    256    0.005852359858534107
