                 #varID      adjointSensitivity
                    174   0.0005512061239018166
                    175    -0.01290441965521759
                    177   0.0004912863597841129
                    178     -0.0126435121907344
                    180   0.0005174150815761262
                    181   -0.009515003250390239
                    183   0.0002691823674028827
                    184   -0.004675538410471377
                    198   0.0005195999760090704
                    199    -0.01292473263254681
                    201   0.0005326746355713738
                    202    -0.01200856123041962
                    204   0.0008273719104446779
                    205    -0.01329855488021539
                    207   0.0008596943910283269
                    208    -0.01149144818065326
                    222   0.0002540120567315317
                    223   -0.001474394696871612
                    225   0.0002369125502430544
                    226    0.001511336583147458
                    228   0.0004565344564273059
                    229    0.001956417034971258
                    231   0.0007540756627543675
                    232    0.002239579489370974
                    246    0.000129796537042162
                    247    0.001130657247614411
                    249   0.0001456930001622865
                    250    0.004288556211916511
                    252   0.0002960147757326557
                    253    0.005744052325815273
                    255   0.0003266856837166694
                    256    0.005677711568335009
